<?xml version="1.0" encoding="UTF-8" standalone="no" ?>
<SimscapeMultibodyImportXML version="2.0" xmlns="urn:mathworks:SimscapeMultibody:import" xmlns:xsi="http://www.w3.org/2001/XMLSchema-instance">
<Created by="" on="10/29/19||09:19:38" using="Simscape Multibody Link Version 6.1" from="SolidWorks 25.5.0"/>
<ModelUnits mass="kilogram" length="millimeter"/>
<DataUnits mass="kilogram" length="meter"/>
<RootAssembly name="Maxpid" uid="Maxpid" version="258">
<AssemblyFile name="Maxpid.SLDASM" type="SolidWorks Assembly"/>
<InstanceTree>
<Instance name="bras_ass-1" uid="bras_ass-1" entityUid="bras_ass" rigid="true">
<Transform>
<Rotation>1 -1.4918621893400541e-15 0 0 0 -0.99999999999999989 1.4918621893400541e-15 1 0</Rotation>
<Translation>0 0.0019999999999999983 0</Translation>
</Transform>
<VisualProperties>
<Ambient r="1" g="0" b="0" a="1"/>
<Diffuse r="1" g="0" b="0" a="1"/>
<Specular r="0.5" g="0" b="0" a="1"/>
<Emissive r="0" g="0" b="0" a="1"/>
<Shininess>0.40000000596046448</Shininess>
</VisualProperties>
<Instance name="VisChcM4-2" uid="VisChcM4-2" entityUid="VisChcM4*:*Défaut">
<Transform>
<Rotation>-1 0 -6.9829667222187641e-15 0 1 0 6.9829667222187618e-15 0 -0.99999999999999978</Rotation>
<Translation>0.090999999999999748 0 -0.033000000000000036</Translation>
</Transform>
<VisualProperties>
<Ambient r="1" g="0" b="0" a="1"/>
<Diffuse r="1" g="0" b="0" a="1"/>
<Specular r="0.5" g="0" b="0" a="1"/>
<Emissive r="0" g="0" b="0" a="1"/>
<Shininess>0.40000000596046448</Shininess>
</VisualProperties>
</Instance>
<Instance name="BagueIna12-1" uid="BagueIna12-1" entityUid="BagueIna12*:*Défaut">
<Transform>
<Rotation>0.99569920724568539 0.092644960415091543 -2.8310687127941488e-15 -0.092644960415091543 0.99569920724568528 -3.219646771412954e-14 -1.5191355596692208e-16 3.2307490016592043e-14 0.99999999999999978</Rotation>
<Translation>0.079999999999999349 8.4654505627668196e-16 -0.019999999999997433</Translation>
</Transform>
<VisualProperties>
<Ambient r="1" g="0" b="0" a="1"/>
<Diffuse r="1" g="0" b="0" a="1"/>
<Specular r="0.5" g="0" b="0" a="1"/>
<Emissive r="0" g="0" b="0" a="1"/>
<Shininess>0.40000000596046448</Shininess>
</VisualProperties>
</Instance>
<Instance name="BagueIna12-2" uid="BagueIna12-2" entityUid="BagueIna12*:*Défaut">
<Transform>
<Rotation>0.99569920724568539 -0.092644960415091543 0 -0.092644960415091543 -0.99569920724568528 1.665334536937735e-15 -1.5191355596692208e-16 -1.6098233857064766e-15 -0.99999999999999978</Rotation>
<Translation>0.079999999999999988 0 0.019999999999999844</Translation>
</Transform>
<VisualProperties>
<Ambient r="1" g="0" b="0" a="1"/>
<Diffuse r="1" g="0" b="0" a="1"/>
<Specular r="0.5" g="0" b="0" a="1"/>
<Emissive r="0" g="0" b="0" a="1"/>
<Shininess>0.40000000596046448</Shininess>
</VisualProperties>
</Instance>
<Instance name="AxeBras-1" uid="AxeBras-1" entityUid="AxeBras*:*Défaut">
<Transform>
<Rotation>0 -1 1.2246467991473535e-16 0 -1.2246467991473535e-16 -0.99999999999999989 0.99999999999999967 0 0</Rotation>
<Translation>0 0 0.047499999999999973</Translation>
</Transform>
<VisualProperties>
<Ambient r="1" g="0" b="0" a="1"/>
<Diffuse r="1" g="0" b="0" a="1"/>
<Specular r="0.5" g="0" b="0" a="1"/>
<Emissive r="0" g="0" b="0" a="1"/>
<Shininess>0.40000000596046448</Shininess>
</VisualProperties>
</Instance>
<Instance name="Bras-1" uid="Bras-1" entityUid="Bras*:*Défaut">
<Transform>
<Rotation>-1.4897941161473346e-15 1 0 -1 -1.4897941161473346e-15 0 0 0 0.99999999999999978</Rotation>
<Translation>0.10050000000000019 0.12150000000000015 0.027999999999999994</Translation>
</Transform>
<VisualProperties>
<Ambient r="1" g="0" b="0" a="1"/>
<Diffuse r="1" g="0" b="0" a="1"/>
<Specular r="0.5" g="0" b="0" a="1"/>
<Emissive r="0" g="0" b="0" a="1"/>
<Shininess>0.40000000596046448</Shininess>
</VisualProperties>
</Instance>
<Instance name="Poids-3" uid="Poids-3" entityUid="Poids*:*Défaut">
<Transform>
<Rotation>1.2246467991473535e-16 1 0 -1 1.2246467991473535e-16 0 0 0 0.99999999999999978</Rotation>
<Translation>0.29400000000000004 0 0</Translation>
</Transform>
<VisualProperties>
<Ambient r="1" g="0" b="0" a="1"/>
<Diffuse r="1" g="0" b="0" a="1"/>
<Specular r="0.5" g="0" b="0" a="1"/>
<Emissive r="0" g="0" b="0" a="1"/>
<Shininess>0.40000000596046448</Shininess>
</VisualProperties>
</Instance>
<Instance name="Poids-1" uid="Poids-1" entityUid="Poids*:*Défaut">
<Transform>
<Rotation>1.2246467991473535e-16 1 0 -1 1.2246467991473535e-16 0 0 0 0.99999999999999978</Rotation>
<Translation>0.28200000000000003 0 0</Translation>
</Transform>
<VisualProperties>
<Ambient r="1" g="0" b="0" a="1"/>
<Diffuse r="1" g="0" b="0" a="1"/>
<Specular r="0.5" g="0" b="0" a="1"/>
<Emissive r="0" g="0" b="0" a="1"/>
<Shininess>0.40000000596046448</Shininess>
</VisualProperties>
</Instance>
<Instance name="EcrouSerragePoids-2" uid="EcrouSerragePoids-2" entityUid="EcrouSerragePoids*:*Défaut">
<Transform>
<Rotation>2.4314044662617834e-16 1 0 -0.99269620757373489 2.4492935982947069e-16 0.12064095270149462 0.12064095270149459 0 0.99269620757373467</Rotation>
<Translation>0.25200000000000011 0 0</Translation>
</Transform>
<VisualProperties>
<Ambient r="1" g="0" b="0" a="1"/>
<Diffuse r="1" g="0" b="0" a="1"/>
<Specular r="0.5" g="0" b="0" a="1"/>
<Emissive r="0" g="0" b="0" a="1"/>
<Shininess>0.40000000596046448</Shininess>
</VisualProperties>
</Instance>
<Instance name="VisChcM4-1" uid="VisChcM4-1" entityUid="VisChcM4*:*Défaut">
<Transform>
<Rotation>1 0 0 0 1 0 0 0 1</Rotation>
<Translation>0.091000000000000025 0 0.032999999999999995</Translation>
</Transform>
<VisualProperties>
<Ambient r="1" g="0" b="0" a="1"/>
<Diffuse r="1" g="0" b="0" a="1"/>
<Specular r="0.5" g="0" b="0" a="1"/>
<Emissive r="0" g="0" b="0" a="1"/>
<Shininess>0.40000000596046448</Shininess>
</VisualProperties>
</Instance>
<Instance name="AxeArticulation-2" uid="AxeArticulation-2" entityUid="AxeArticulation*:*Défaut">
<Transform>
<Rotation>1.2309965047381372e-15 1 0 1 -1.2309965047381372e-15 1.1227541856496913e-16 1.1227541856496899e-16 0 -0.99999999999999956</Rotation>
<Translation>0.080000000000000029 0 0.029999999999999982</Translation>
</Transform>
<VisualProperties>
<Ambient r="1" g="0" b="0" a="1"/>
<Diffuse r="1" g="0" b="0" a="1"/>
<Specular r="0.5" g="0" b="0" a="1"/>
<Emissive r="0" g="0" b="0" a="1"/>
<Shininess>0.40000000596046448</Shininess>
</VisualProperties>
</Instance>
<Instance name="AxeArticulation-1" uid="AxeArticulation-1" entityUid="AxeArticulation*:*Défaut">
<Transform>
<Rotation>-1.2616170734376769e-15 1 0 -1 -1.2616170734376769e-15 0 0 0 0.99999999999999978</Rotation>
<Translation>0.080000000000000016 0 -0.029999999999999988</Translation>
</Transform>
<VisualProperties>
<Ambient r="1" g="0" b="0" a="1"/>
<Diffuse r="1" g="0" b="0" a="1"/>
<Specular r="0.5" g="0" b="0" a="1"/>
<Emissive r="0" g="0" b="0" a="1"/>
<Shininess>0.40000000596046448</Shininess>
</VisualProperties>
</Instance>
<Instance name="EcrouSerragePoids-1" uid="EcrouSerragePoids-1" entityUid="EcrouSerragePoids*:*Défaut">
<Transform>
<Rotation>2.4488707527182732e-16 0.99999999999999989 0 -0.99982736019204521 2.4492935982947049e-16 0.018580899101129474 0.018580899101129471 0 0.99982736019204488</Rotation>
<Translation>0.25800000000000006 0 0</Translation>
</Transform>
<VisualProperties>
<Ambient r="1" g="0" b="0" a="1"/>
<Diffuse r="1" g="0" b="0" a="1"/>
<Specular r="0.5" g="0" b="0" a="1"/>
<Emissive r="0" g="0" b="0" a="1"/>
<Shininess>0.40000000596046448</Shininess>
</VisualProperties>
</Instance>
<Instance name="AxePoids-1" uid="AxePoids-1" entityUid="AxePoids*:*Défaut">
<Transform>
<Rotation>-1.0082083715861135e-16 1 0 0.82326461171340959 1.2246467991473515e-16 0.56765780105655994 0.56765780105655983 0 -0.82326461171340948</Rotation>
<Translation>0.23700000000000007 0.0034197923590601688 0.0023580168307901074</Translation>
</Transform>
<VisualProperties>
<Ambient r="1" g="0" b="0" a="1"/>
<Diffuse r="1" g="0" b="0" a="1"/>
<Specular r="0.5" g="0" b="0" a="1"/>
<Emissive r="0" g="0" b="0" a="1"/>
<Shininess>0.40000000596046448</Shininess>
</VisualProperties>
</Instance>
<Instance name="AxeRessort-1" uid="AxeRessort-1" entityUid="AxeRessort*:*Défaut">
<Transform>
<Rotation>0 -1 0 0.94418620740818593 0 -0.32941221249393005 0.32941221249392993 0 0.94418620740818571</Rotation>
<Translation>0.29400000000000009 0 0</Translation>
</Transform>
<VisualProperties>
<Ambient r="1" g="0" b="0" a="1"/>
<Diffuse r="1" g="0" b="0" a="1"/>
<Specular r="0.5" g="0" b="0" a="1"/>
<Emissive r="0" g="0" b="0" a="1"/>
<Shininess>0.40000000596046448</Shininess>
</VisualProperties>
</Instance>
<Instance name="Poids-2" uid="Poids-2" entityUid="Poids*:*Défaut">
<Transform>
<Rotation>1.2246467991473535e-16 1 0 -1 1.2246467991473535e-16 0 0 0 0.99999999999999978</Rotation>
<Translation>0.27000000000000002 0 0</Translation>
</Transform>
<VisualProperties>
<Ambient r="1" g="0" b="0" a="1"/>
<Diffuse r="1" g="0" b="0" a="1"/>
<Specular r="0.5" g="0" b="0" a="1"/>
<Emissive r="0" g="0" b="0" a="1"/>
<Shininess>0.40000000596046448</Shininess>
</VisualProperties>
</Instance>
</Instance>
<Instance name="vis_ass-1" uid="vis_ass-1" entityUid="vis_ass" rigid="true">
<Transform>
<Rotation>0.88372758899496007 0.46800165432309665 1.3325195243353629e-15 -1.3437100070024075e-15 5.3845816694320084e-15 -1 -0.46800165432309654 0.88372758899495985 5.3873618826812306e-15</Rotation>
<Translation>0.11558374889382839 -0.00099999999999993974 -0.018278543694329741</Translation>
</Transform>
<VisualProperties>
<Ambient r="0.75294117647058822" g="1" b="0.75294117647058822" a="1"/>
<Diffuse r="0.75294117647058822" g="1" b="0.75294117647058822" a="1"/>
<Specular r="0.37647058823529411" g="0.5" b="0.37647058823529411" a="1"/>
<Emissive r="0" g="0" b="0" a="1"/>
<Shininess>0.40000000596046448</Shininess>
</VisualProperties>
<Instance name="EcrouM6-1" uid="EcrouM6-1" entityUid="EcrouM6*:*Défaut">
<Transform>
<Rotation>3.8857805861880479e-16 -1 0 0.93490875225341907 1.6653345369377348e-16 0.35488818656015436 -0.35488818656015436 0 0.93490875225341907</Rotation>
<Translation>-0.20000000000000012 0 0</Translation>
</Transform>
<VisualProperties>
<Ambient r="0.75294117647058822" g="1" b="0.75294117647058822" a="1"/>
<Diffuse r="0.75294117647058822" g="1" b="0.75294117647058822" a="1"/>
<Specular r="0.37647058823529411" g="0.5" b="0.37647058823529411" a="1"/>
<Emissive r="0" g="0" b="0" a="1"/>
<Shininess>0.40000000596046448</Shininess>
</VisualProperties>
</Instance>
<Instance name="VisBille-1" uid="VisBille-1" entityUid="VisBille*:*Défaut">
<Transform>
<Rotation>1 -1.2087906570965451e-16 0 1.1102230246251563e-16 0.87061458264259595 -0.4919656984892935 0 0.4919656984892935 0.87061458264259595</Rotation>
<Translation>-0.17600000000000007 0 0</Translation>
</Transform>
<VisualProperties>
<Ambient r="0.75294117647058822" g="1" b="0.75294117647058822" a="1"/>
<Diffuse r="0.75294117647058822" g="1" b="0.75294117647058822" a="1"/>
<Specular r="0.37647058823529411" g="0.5" b="0.37647058823529411" a="1"/>
<Emissive r="0" g="0" b="0" a="1"/>
<Shininess>0.40000000596046448</Shininess>
</VisualProperties>
</Instance>
<Instance name="RondelleVisBille-1" uid="RondelleVisBille-1" entityUid="RondelleVisBille*:*Défaut">
<Transform>
<Rotation>1 -4.7020966992557853e-16 2.1971482656705915e-15 2.0539125955565392e-15 0.58778525229245326 -0.80901699437496188 -9.1104373377188027e-16 0.80901699437496188 0.58778525229245326</Rotation>
<Translation>-0.010000000000000009 0 0</Translation>
</Transform>
<VisualProperties>
<Ambient r="0.75294117647058822" g="1" b="0.75294117647058822" a="1"/>
<Diffuse r="0.75294117647058822" g="1" b="0.75294117647058822" a="1"/>
<Specular r="0.37647058823529411" g="0.5" b="0.37647058823529411" a="1"/>
<Emissive r="0" g="0" b="0" a="1"/>
<Shininess>0.40000000596046448</Shininess>
</VisualProperties>
</Instance>
<Instance name="Accouplement-1" uid="Accouplement-1" entityUid="Accouplement*:*Défaut">
<Transform>
<Rotation>1 0 -1.6653345369377348e-16 0 0.3548881865601482 -0.93490875225342152 0 0.93490875225342152 0.3548881865601482</Rotation>
<Translation>-0.20700000000000013 0 0</Translation>
</Transform>
<VisualProperties>
<Ambient r="0.75294117647058822" g="1" b="0.75294117647058822" a="1"/>
<Diffuse r="0.75294117647058822" g="1" b="0.75294117647058822" a="1"/>
<Specular r="0.37647058823529411" g="0.5" b="0.37647058823529411" a="1"/>
<Emissive r="0" g="0" b="0" a="1"/>
<Shininess>0.40000000596046448</Shininess>
</VisualProperties>
</Instance>
<Instance name="RondelleM6-1" uid="RondelleM6-1" entityUid="RondelleM6*:*Défaut">
<Transform>
<Rotation>1.3877787807814457e-16 -4.4408920985006262e-16 -0.99999999999999989 0.39344976737552584 -0.91934611575409642 4.6287381397067592e-16 -0.91934611575409642 -0.39344976737552584 0</Rotation>
<Translation>-0.19500000000000017 0 0</Translation>
</Transform>
<VisualProperties>
<Ambient r="0.75294117647058822" g="1" b="0.75294117647058822" a="1"/>
<Diffuse r="0.75294117647058822" g="1" b="0.75294117647058822" a="1"/>
<Specular r="0.37647058823529411" g="0.5" b="0.37647058823529411" a="1"/>
<Emissive r="0" g="0" b="0" a="1"/>
<Shininess>0.40000000596046448</Shininess>
</VisualProperties>
</Instance>
<Instance name="RotorMoteur-1" uid="RotorMoteur-1" entityUid="RotorMoteur*:*Défaut">
<Transform>
<Rotation>1 3.8857805861880479e-16 -1.6653345369377348e-16 -2.2204460492503131e-16 0.81777578463715239 -0.57553693718221899 -1.0909968298709301e-16 0.57553693718221899 0.81777578463715239</Rotation>
<Translation>-0.24900000000000011 0 0</Translation>
</Transform>
<VisualProperties>
<Ambient r="0.79607843137254897" g="0.82352941176470584" b="0.93725490196078431" a="1"/>
<Diffuse r="0.79607843137254897" g="0.82352941176470584" b="0.93725490196078431" a="1"/>
<Specular r="0.39803921568627448" g="0.41176470588235292" b="0.46862745098039216" a="1"/>
<Emissive r="0" g="0" b="0" a="1"/>
<Shininess>0.40000000596046448</Shininess>
</VisualProperties>
</Instance>
<Instance name="BagueVisBille-1" uid="BagueVisBille-1" entityUid="BagueVisBille*:*Défaut">
<Transform>
<Rotation>1 0 0 0 0.99738937502031644 -0.072211042068248452 0 0.072211042068248452 0.99738937502031644</Rotation>
<Translation>-0.17900000000000005 0 0</Translation>
</Transform>
<VisualProperties>
<Ambient r="0.75294117647058822" g="1" b="0.75294117647058822" a="1"/>
<Diffuse r="0.75294117647058822" g="1" b="0.75294117647058822" a="1"/>
<Specular r="0.37647058823529411" g="0.5" b="0.37647058823529411" a="1"/>
<Emissive r="0" g="0" b="0" a="1"/>
<Shininess>0.40000000596046448</Shininess>
</VisualProperties>
</Instance>
<Instance name="VisFhcM6-1" uid="VisFhcM6-1" entityUid="VisFhcM6*:*Défaut">
<Transform>
<Rotation>1 0 -1.6653345369377348e-16 1.1102230246251565e-16 0.67602709835185359 -0.73687676194460972 0 0.73687676194460983 0.67602709835185359</Rotation>
<Translation>-0.0030000000000000443 0 0</Translation>
</Transform>
<VisualProperties>
<Ambient r="0.75294117647058822" g="1" b="0.75294117647058822" a="1"/>
<Diffuse r="0.75294117647058822" g="1" b="0.75294117647058822" a="1"/>
<Specular r="0.37647058823529411" g="0.5" b="0.37647058823529411" a="1"/>
<Emissive r="0" g="0" b="0" a="1"/>
<Shininess>0.40000000596046448</Shininess>
</VisualProperties>
</Instance>
<Instance name="BagueIntRoulement-1" uid="BagueIntRoulement-1" entityUid="BagueIntRoulement*:*Défaut">
<Transform>
<Rotation>1 0 -1.1102230246251565e-16 2.2204460492503131e-16 0.42077576336065098 0.90716468018120133 1.0462734119653552e-16 -0.90716468018120144 0.42077576336065092</Rotation>
<Translation>-0.19300000000000012 0 0</Translation>
</Transform>
<VisualProperties>
<Ambient r="0.75294117647058822" g="1" b="0.75294117647058822" a="1"/>
<Diffuse r="0.75294117647058822" g="1" b="0.75294117647058822" a="1"/>
<Specular r="0.37647058823529411" g="0.5" b="0.37647058823529411" a="1"/>
<Emissive r="0" g="0" b="0" a="1"/>
<Shininess>0.40000000596046448</Shininess>
</VisualProperties>
</Instance>
</Instance>
<Instance name="moteur_ass-1" uid="moteur_ass-1" entityUid="moteur_ass" rigid="true">
<Transform>
<Rotation>0.88372758899496118 0.46800165432309476 3.8069652222544726e-15 1.4636137880635725e-15 5.3707701989745537e-15 -1 -0.46800165432309476 0.88372758899496118 4.0613241248819268e-15</Rotation>
<Translation>-0.070000000000000034 -0.00099999999999983089 0.080000000000000016</Translation>
</Transform>
<VisualProperties>
<Ambient r="0" g="0" b="0.75294117647058822" a="1"/>
<Diffuse r="0" g="0" b="0.75294117647058822" a="1"/>
<Specular r="0" g="0" b="0.75294117647058822" a="1"/>
<Emissive r="0" g="0" b="0" a="1"/>
<Shininess>0.31</Shininess>
</VisualProperties>
<Instance name="VisChcM4-2" uid="VisChcM4-2" entityUid="VisChcM4*:*Défaut">
<Transform>
<Rotation>-1.5265566588595902e-15 1.2212453270876722e-15 -1 0.58778525229247824 0.80901699437494401 1.6653345369377348e-16 0.80901699437494368 -0.58778525229247813 -1.963214149144894e-15</Rotation>
<Translation>-0.029999999999999999 2.0410288673958221e-06 -0.021499999999999613</Translation>
</Transform>
<VisualProperties>
<Ambient r="0" g="0" b="0.75294117647058822" a="1"/>
<Diffuse r="0" g="0" b="0.75294117647058822" a="1"/>
<Specular r="0" g="0" b="0.37647058823529411" a="1"/>
<Emissive r="0" g="0" b="0" a="1"/>
<Shininess>0.40000000596046448</Shininess>
</VisualProperties>
</Instance>
<Instance name="SupprotVisBille-1" uid="SupprotVisBille-1" entityUid="SupprotVisBille*:*Défaut">
<Transform>
<Rotation>1 1.2145014477333828e-15 -1.4827354123765868e-15 -1.1102230246251563e-16 0.80901699437494379 0.58778525229247802 1.9134241866397455e-15 -0.58778525229247802 0.80901699437494379</Rotation>
<Translation>0.01999999999999999 2.0410288674443944e-06 0</Translation>
</Transform>
<VisualProperties>
<Ambient r="0" g="0" b="0.75294117647058822" a="1"/>
<Diffuse r="0" g="0" b="0.75294117647058822" a="1"/>
<Specular r="0" g="0" b="0.37647058823529411" a="1"/>
<Emissive r="0" g="0" b="0" a="1"/>
<Shininess>0.40000000596046448</Shininess>
</VisualProperties>
</Instance>
<Instance name="BagueExtRoulement-1" uid="BagueExtRoulement-1" entityUid="BagueExtRoulement*:*Défaut">
<Transform>
<Rotation>1 -9.9769226711120244e-16 -1.6560768584928028e-15 -2.2204460492503121e-16 0.79163525051066908 -0.61099396899552949 1.9205927768562937e-15 0.61099396899552949 0.79163525051066908</Rotation>
<Translation>0.020000000000000018 2.0410288674374555e-06 0</Translation>
</Transform>
<VisualProperties>
<Ambient r="0" g="0" b="0.75294117647058822" a="1"/>
<Diffuse r="0" g="0" b="0.75294117647058822" a="1"/>
<Specular r="0" g="0" b="0.37647058823529411" a="1"/>
<Emissive r="0" g="0" b="0" a="1"/>
<Shininess>0.40000000596046448</Shininess>
</VisualProperties>
</Instance>
<Instance name="EcrouSupportVisBille-1" uid="EcrouSupportVisBille-1" entityUid="EcrouSupportVisBille*:*Défaut">
<Transform>
<Rotation>1 0 0 0 0.99948417155268288 -0.032115273868475833 0 0.032115273868475833 0.99948417155268288</Rotation>
<Translation>0.034000000000000016 2.0410288674374555e-06 0</Translation>
</Transform>
<VisualProperties>
<Ambient r="0" g="0" b="0.75294117647058822" a="1"/>
<Diffuse r="0" g="0" b="0.75294117647058822" a="1"/>
<Specular r="0" g="0" b="0.37647058823529411" a="1"/>
<Emissive r="0" g="0" b="0" a="1"/>
<Shininess>0.40000000596046448</Shininess>
</VisualProperties>
</Instance>
<Instance name="VisChcM4-1" uid="VisChcM4-1" entityUid="VisChcM4*:*Défaut">
<Transform>
<Rotation>-1.5265566588595902e-15 1.2212453270876722e-15 -1 0.58778525229247824 0.80901699437494401 1.6653345369377348e-16 0.80901699437494368 -0.58778525229247813 -1.963214149144894e-15</Rotation>
<Translation>-0.030000000000000027 2.0410288675068444e-06 0.021499999999999596</Translation>
</Transform>
<VisualProperties>
<Ambient r="0" g="0" b="0.75294117647058822" a="1"/>
<Diffuse r="0" g="0" b="0.75294117647058822" a="1"/>
<Specular r="0" g="0" b="0.37647058823529411" a="1"/>
<Emissive r="0" g="0" b="0" a="1"/>
<Shininess>0.40000000596046448</Shininess>
</VisualProperties>
</Instance>
<Instance name="BrideMoteur-1" uid="BrideMoteur-1" entityUid="BrideMoteur*:*Défaut">
<Transform>
<Rotation>1.0000000000000002 1.5265566588595902e-15 1.1102230246251565e-15 0 -0.58778525229247824 0.8090169943749439 1.8986296389380003e-15 -0.80901699437494368 -0.58778525229247813</Rotation>
<Translation>-0.026999999999999996 2.0410288674513333e-06 0</Translation>
</Transform>
<VisualProperties>
<Ambient r="0" g="0" b="0.75294117647058822" a="1"/>
<Diffuse r="0" g="0" b="0.75294117647058822" a="1"/>
<Specular r="0" g="0" b="0.37647058823529411" a="1"/>
<Emissive r="0" g="0" b="0" a="1"/>
<Shininess>0.40000000596046448</Shininess>
</VisualProperties>
</Instance>
<Instance name="StatorMoteur-1" uid="StatorMoteur-1" entityUid="StatorMoteur*:*Défaut">
<Transform>
<Rotation>1 1.5228389623206741e-16 -1.9021684860351229e-15 0 0.99871028517091398 0.050771707611932768 1.9074469445847641e-15 -0.050771707611932768 0.99871028517091398</Rotation>
<Translation>-0.031 2.0410288674513333e-06 0</Translation>
</Transform>
<VisualProperties>
<Ambient r="0" g="0" b="0.75294117647058822" a="1"/>
<Diffuse r="0" g="0" b="0.75294117647058822" a="1"/>
<Specular r="0" g="0" b="0.37647058823529411" a="1"/>
<Emissive r="0" g="0" b="0" a="1"/>
<Shininess>0.40000000596046448</Shininess>
</VisualProperties>
</Instance>
</Instance>
<Instance name="bati_ass-1" uid="bati_ass-1" entityUid="bati_ass" rigid="true">
<Transform>
<Rotation>1 0 0 0 0 -1 0 1 0</Rotation>
<Translation>0 0 0</Translation>
</Transform>
<VisualProperties>
<Ambient r="0.48627450980392156" g="0.23529411764705882" b="0.015686274509803921" a="1"/>
<Diffuse r="0.48627450980392156" g="0.23529411764705882" b="0.015686274509803921" a="1"/>
<Specular r="0.48627450980392156" g="0.23529411764705882" b="0.015686274509803921" a="1"/>
<Emissive r="0" g="0" b="0" a="1"/>
<Shininess>0.31</Shininess>
</VisualProperties>
<Instance name="VisChcM4-2" uid="VisChcM4-2" entityUid="VisChcM4*:*Défaut">
<Transform>
<Rotation>-1 0 -6.98296672221872e-15 0 1 0 6.9829667222188083e-15 0 -1</Rotation>
<Translation>-0.070000000000000284 0.068999999999999978 -0.03599999999999947</Translation>
</Transform>
<VisualProperties>
<Ambient r="0.48627450980392156" g="0.23529411764705882" b="0.015686274509803921" a="1"/>
<Diffuse r="0.48627450980392156" g="0.23529411764705882" b="0.015686274509803921" a="1"/>
<Specular r="0.24313725490196078" g="0.11764705882352941" b="0.0078431372549019607" a="1"/>
<Emissive r="0" g="0" b="0" a="1"/>
<Shininess>0.40000000596046448</Shininess>
</VisualProperties>
</Instance>
<Instance name="BagueIna30-2" uid="BagueIna30-2" entityUid="BagueIna30*:*Défaut">
<Transform>
<Rotation>1 0 0 0 -1 6.9829667222187633e-15 0 -6.9829667222187649e-15 -1</Rotation>
<Translation>0 0 0.046000000000000082</Translation>
</Transform>
<VisualProperties>
<Ambient r="0.48627450980392156" g="0.23529411764705882" b="0.015686274509803921" a="1"/>
<Diffuse r="0.48627450980392156" g="0.23529411764705882" b="0.015686274509803921" a="1"/>
<Specular r="0.24313725490196078" g="0.11764705882352941" b="0.0078431372549019607" a="1"/>
<Emissive r="0" g="0" b="0" a="1"/>
<Shininess>0.40000000596046448</Shininess>
</VisualProperties>
</Instance>
<Instance name="BagueIna30-1" uid="BagueIna30-1" entityUid="BagueIna30*:*Défaut">
<Transform>
<Rotation>1 0 0 0 1 0 0 0 1</Rotation>
<Translation>0 0 -0.045999999999999999</Translation>
</Transform>
<VisualProperties>
<Ambient r="0.48627450980392156" g="0.23529411764705882" b="0.015686274509803921" a="1"/>
<Diffuse r="0.48627450980392156" g="0.23529411764705882" b="0.015686274509803921" a="1"/>
<Specular r="0.24313725490196078" g="0.11764705882352941" b="0.0078431372549019607" a="1"/>
<Emissive r="0" g="0" b="0" a="1"/>
<Shininess>0.40000000596046448</Shininess>
</VisualProperties>
</Instance>
<Instance name="AxeArticulation-1" uid="AxeArticulation-1" entityUid="AxeArticulation*:*Défaut">
<Transform>
<Rotation>1.0000000000000002 0 0 0 -1.0000000000000002 1.2010285910590951e-16 0 -1.2010285910590879e-16 -1</Rotation>
<Translation>-0.069999999999999993 0.079999999999999974 0.033000000000000002</Translation>
</Transform>
<VisualProperties>
<Ambient r="0.48627450980392156" g="0.23529411764705882" b="0.015686274509803921" a="1"/>
<Diffuse r="0.48627450980392156" g="0.23529411764705882" b="0.015686274509803921" a="1"/>
<Specular r="0.24313725490196078" g="0.11764705882352941" b="0.0078431372549019607" a="1"/>
<Emissive r="0" g="0" b="0" a="1"/>
<Shininess>0.40000000596046448</Shininess>
</VisualProperties>
</Instance>
<Instance name="AxeArticulation-2" uid="AxeArticulation-2" entityUid="AxeArticulation*:*Défaut">
<Transform>
<Rotation>-1 0 0 0 -1 0 0 0 1</Rotation>
<Translation>-0.070000000000000007 0.080000000000000002 -0.033000000000000002</Translation>
</Transform>
<VisualProperties>
<Ambient r="0.48627450980392156" g="0.23529411764705882" b="0.015686274509803921" a="1"/>
<Diffuse r="0.48627450980392156" g="0.23529411764705882" b="0.015686274509803921" a="1"/>
<Specular r="0.24313725490196078" g="0.11764705882352941" b="0.0078431372549019607" a="1"/>
<Emissive r="0" g="0" b="0" a="1"/>
<Shininess>0.40000000596046448</Shininess>
</VisualProperties>
</Instance>
<Instance name="Chaise-1" uid="Chaise-1" entityUid="Chaise*:*Défaut">
<Transform>
<Rotation>1 0 0 0 1 0 0 0 1</Rotation>
<Translation>0 0 0</Translation>
</Transform>
<VisualProperties>
<Ambient r="0.48627450980392156" g="0.23529411764705882" b="0.015686274509803921" a="1"/>
<Diffuse r="0.48627450980392156" g="0.23529411764705882" b="0.015686274509803921" a="1"/>
<Specular r="0.24313725490196078" g="0.11764705882352941" b="0.0078431372549019607" a="1"/>
<Emissive r="0" g="0" b="0" a="1"/>
<Shininess>0.40000000596046448</Shininess>
</VisualProperties>
</Instance>
<Instance name="VisChcM4-1" uid="VisChcM4-1" entityUid="VisChcM4*:*Défaut">
<Transform>
<Rotation>1 0 0 0 1 0 0 0 1</Rotation>
<Translation>-0.070000000000000021 0.069000000000000006 0.036000000000000004</Translation>
</Transform>
<VisualProperties>
<Ambient r="0.48627450980392156" g="0.23529411764705882" b="0.015686274509803921" a="1"/>
<Diffuse r="0.48627450980392156" g="0.23529411764705882" b="0.015686274509803921" a="1"/>
<Specular r="0.24313725490196078" g="0.11764705882352941" b="0.0078431372549019607" a="1"/>
<Emissive r="0" g="0" b="0" a="1"/>
<Shininess>0.40000000596046448</Shininess>
</VisualProperties>
</Instance>
</Instance>
<Instance name="ecrou_ass-1" uid="ecrou_ass-1" entityUid="ecrou_ass" rigid="true">
<Transform>
<Rotation>-0.88372758899496096 -0.46800165432309504 -7.6000810428917306e-15 5.8273602125719264e-16 1.5139051493425364e-14 -1 0.46800165432309504 -0.88372758899496096 -1.3106076053973336e-14</Rotation>
<Translation>0.080000000000000016 0.0049791303715507485 0</Translation>
</Transform>
<VisualProperties>
<Ambient r="1" g="1" b="0" a="1"/>
<Diffuse r="1" g="1" b="0" a="1"/>
<Specular r="1" g="1" b="0" a="1"/>
<Emissive r="0" g="0" b="0" a="1"/>
<Shininess>0.31</Shininess>
</VisualProperties>
<Instance name="SupportEcrouBille-1" uid="SupportEcrouBille-1" entityUid="SupportEcrouBille*:*Défaut">
<Transform>
<Rotation>1 0 0 0 0.80901699437495744 0.58778525229245937 0 -0.58778525229245937 0.80901699437495744</Rotation>
<Translation>0.040125000000000036 0.016792738254764791 -0.0065847793962006173</Translation>
</Transform>
<VisualProperties>
<Ambient r="1" g="1" b="0" a="1"/>
<Diffuse r="1" g="1" b="0" a="1"/>
<Specular r="0.5" g="0.5" b="0" a="1"/>
<Emissive r="0" g="0" b="0" a="1"/>
<Shininess>0.40000000596046448</Shininess>
</VisualProperties>
</Instance>
<Instance name="EcrouBille-1" uid="EcrouBille-1" entityUid="EcrouBille*:*Défaut">
<Transform>
<Rotation>-1.6653345369377343e-16 -1.8041124150158791e-16 1 0.97546547069647405 0.22015248233646229 2.0216561645208372e-16 -0.22015248233646229 0.97546547069647405 1.3932218338753317e-16</Rotation>
<Translation>0.007000000000000034 -0.00049999999999993106 0.0059791303715507069</Translation>
</Transform>
<VisualProperties>
<Ambient r="1" g="1" b="0" a="1"/>
<Diffuse r="1" g="1" b="0" a="1"/>
<Specular r="0.5" g="0.5" b="0" a="1"/>
<Emissive r="0" g="0" b="0" a="1"/>
<Shininess>0.40000000596046448</Shininess>
</VisualProperties>
</Instance>
</Instance>
</InstanceTree>
<Constraints>
<Coincident name="Coïncidente12">
<ConstraintGeometry geomType="plane">
<InstancePath>
<Uid>bati_ass-1</Uid>
</InstancePath>
<Position>0 0 0</Position>
<Axis>0 1 0</Axis>
</ConstraintGeometry>
<ConstraintGeometry geomType="plane">
<InstancePath>
<Uid>Maxpid</Uid>
</InstancePath>
<Position>0 0 0</Position>
<Axis>0 0 1</Axis>
</ConstraintGeometry>
</Coincident>
<Coincident name="Coïncidente13">
<ConstraintGeometry geomType="plane">
<InstancePath>
<Uid>bati_ass-1</Uid>
</InstancePath>
<Position>0 0 0</Position>
<Axis>0 0 1</Axis>
</ConstraintGeometry>
<ConstraintGeometry geomType="plane">
<InstancePath>
<Uid>Maxpid</Uid>
</InstancePath>
<Position>0 0 0</Position>
<Axis>0 1 0</Axis>
</ConstraintGeometry>
</Coincident>
<Coincident name="Coïncidente14">
<ConstraintGeometry geomType="plane">
<InstancePath>
<Uid>bati_ass-1</Uid>
</InstancePath>
<Position>0 0 0</Position>
<Axis>1 0 0</Axis>
</ConstraintGeometry>
<ConstraintGeometry geomType="plane">
<InstancePath>
<Uid>Maxpid</Uid>
</InstancePath>
<Position>0 0 0</Position>
<Axis>1 0 0</Axis>
</ConstraintGeometry>
</Coincident>
<Concentric name="Coaxiale1">
<ConstraintGeometry geomType="cylinder">
<InstancePath>
<Uid>bati_ass-1</Uid>
<Uid>AxeArticulation-2</Uid>
</InstancePath>
<Position>0 0 0</Position>
<Axis>0 0 1</Axis>
</ConstraintGeometry>
<ConstraintGeometry geomType="cylinder">
<InstancePath>
<Uid>moteur_ass-1</Uid>
<Uid>SupprotVisBille-1</Uid>
</InstancePath>
<Position>-0.01999999999999999 -0.013520712029766999 0.018606191183955994</Position>
<Axis>2.1825930602150321e-16 0.58778525229248257 -0.80901699437494035</Axis>
</ConstraintGeometry>
</Concentric>
<Coincident name="Coïncidente15">
<ConstraintGeometry geomType="plane">
<InstancePath>
<Uid>bati_ass-1</Uid>
<Uid>Chaise-1</Uid>
</InstancePath>
<Position>-0.052326989240685996 0.096206338440659997 0.024</Position>
<Axis>0 0 -1</Axis>
</ConstraintGeometry>
<ConstraintGeometry geomType="plane">
<InstancePath>
<Uid>moteur_ass-1</Uid>
<Uid>SupprotVisBille-1</Uid>
</InstancePath>
<Position>-0.0030000000000000027 -0.021445776120561991 0.012848295084825</Position>
<Axis>0 -0.58778525229247824 0.80901699437494345</Axis>
</ConstraintGeometry>
</Coincident>
<Concentric name="Coaxiale2">
<ConstraintGeometry geomType="cylinder">
<InstancePath>
<Uid>vis_ass-1</Uid>
<Uid>VisBille-1</Uid>
</InstancePath>
<Position>0.16600000000000004 0 0</Position>
<Axis>-1 -1.5543122344752192e-15 1.9428902930940239e-15</Axis>
</ConstraintGeometry>
<ConstraintGeometry geomType="cylinder">
<InstancePath>
<Uid>moteur_ass-1</Uid>
<Uid>SupprotVisBille-1</Uid>
</InstancePath>
<Position>0 0 0</Position>
<Axis>-1.0000000000000002 0 0</Axis>
</ConstraintGeometry>
</Concentric>
<Coincident name="Coïncidente16">
<ConstraintGeometry geomType="plane">
<InstancePath>
<Uid>vis_ass-1</Uid>
<Uid>BagueVisBille-1</Uid>
</InstancePath>
<Position>0.0030000000000000027 -0.0015486221945773121 -0.0097776157266718997</Position>
<Axis>1.0000000000000002 1.6653345369377348e-16 0</Axis>
</ConstraintGeometry>
<ConstraintGeometry geomType="plane">
<InstancePath>
<Uid>moteur_ass-1</Uid>
<Uid>BagueExtRoulement-1</Uid>
</InstancePath>
<Position>0.013999999999999999 -0.0033184761312371053 -0.020952033700010992</Position>
<Axis>0.99999999999999989 0 0</Axis>
</ConstraintGeometry>
</Coincident>
<Concentric name="Coaxiale3">
<ConstraintGeometry geomType="cylinder">
<InstancePath>
<Uid>vis_ass-1</Uid>
<Uid>VisBille-1</Uid>
</InstancePath>
<Position>0.16600000000000004 0 0</Position>
<Axis>-1 -1.5543122344752192e-15 1.9428902930940239e-15</Axis>
</ConstraintGeometry>
<ConstraintGeometry geomType="cylinder">
<InstancePath>
<Uid>ecrou_ass-1</Uid>
<Uid>EcrouBille-1</Uid>
</InstancePath>
<Position>0 0 -0.025000000000000008</Position>
<Axis>0 0 1.0000000000000002</Axis>
</ConstraintGeometry>
</Concentric>
<Concentric name="Coaxiale4">
<ConstraintGeometry geomType="cylinder">
<InstancePath>
<Uid>bras_ass-1</Uid>
<Uid>AxeBras-1</Uid>
</InstancePath>
<Position>-0.093999999999999945 0 0</Position>
<Axis>0.99999999999999978 0 0</Axis>
</ConstraintGeometry>
<ConstraintGeometry geomType="cylinder">
<InstancePath>
<Uid>bati_ass-1</Uid>
<Uid>BagueIna30-1</Uid>
</InstancePath>
<Position>0 0 -0.0020000000000000018</Position>
<Axis>0 0 1</Axis>
</ConstraintGeometry>
</Concentric>
<Concentric name="Coaxiale5">
<ConstraintGeometry geomType="circle">
<InstancePath>
<Uid>bras_ass-1</Uid>
<Uid>BagueIna12-2</Uid>
</InstancePath>
<Position>0 0 0.0069999999999999993</Position>
<Axis>0 0 -0.99999999999999989</Axis>
</ConstraintGeometry>
<ConstraintGeometry geomType="cylinder">
<InstancePath>
<Uid>ecrou_ass-1</Uid>
<Uid>SupportEcrouBille-1</Uid>
</InstancePath>
<Position>-0.040125000000000001 -0.032726196548662004 0.016474232513644993</Position>
<Axis>-1.4021076822966683e-16 0.58778525229247147 -0.80901699437494845</Axis>
</ConstraintGeometry>
</Concentric>
<Coincident name="Coïncidente17">
<ConstraintGeometry geomType="plane">
<InstancePath>
<Uid>bras_ass-1</Uid>
<Uid>Bras-1</Uid>
</InstancePath>
<Position>0.10150000000000001 -0.080500000000000002 -0.057999999999999989</Position>
<Axis>0 0 -0.99999999999999989</Axis>
</ConstraintGeometry>
<ConstraintGeometry geomType="plane">
<InstancePath>
<Uid>bati_ass-1</Uid>
<Uid>Chaise-1</Uid>
</InstancePath>
<Position>0.022851508442376003 -0.024 -0.032000000000000001</Position>
<Axis>0 0 1</Axis>
</ConstraintGeometry>
</Coincident>
</Constraints>
</RootAssembly>
<Assemblies>
<Assembly name="bras_ass" uid="bras_ass" version="198">
<ModelUnits mass="kilogram" length="millimeter"/>
<AssemblyFile name="bras_ass.SLDASM" type="SolidWorks Assembly"/>
</Assembly>
<Assembly name="vis_ass" uid="vis_ass" version="186">
<ModelUnits mass="kilogram" length="millimeter"/>
<AssemblyFile name="vis_ass.SLDASM" type="SolidWorks Assembly"/>
</Assembly>
<Assembly name="moteur_ass" uid="moteur_ass" version="149">
<ModelUnits mass="kilogram" length="millimeter"/>
<AssemblyFile name="moteur_ass.SLDASM" type="SolidWorks Assembly"/>
</Assembly>
<Assembly name="bati_ass" uid="bati_ass" version="145">
<ModelUnits mass="kilogram" length="millimeter"/>
<AssemblyFile name="bati_ass.SLDASM" type="SolidWorks Assembly"/>
</Assembly>
<Assembly name="ecrou_ass" uid="ecrou_ass" version="128">
<ModelUnits mass="kilogram" length="millimeter"/>
<AssemblyFile name="ecrou_ass.SLDASM" type="SolidWorks Assembly"/>
</Assembly>
</Assemblies>
<Parts>
<Part name="Accouplement" uid="Accouplement*:*Défaut" version="104">
<ModelUnits mass="kilogram" length="millimeter"/>
<PartFile name="Accouplement.SLDPRT" type="SolidWorks Part"/>
<MassProperties>
<Mass>5.6096059033133564e-13</Mass>
<CenterOfMass>-0.010914959484771275 -1.3517034619366178e-06 1.5391063193635406e-06</CenterOfMass>
<Inertia>0 0 0 0 0 0</Inertia>
</MassProperties>
<GeometryFile name="Accouplement_Défaut_sldprt.STEP" type="STEP"/>
<VisualProperties>
<Ambient r="0.75294117647058822" g="1" b="0.75294117647058822" a="1"/>
<Diffuse r="0.75294117647058822" g="1" b="0.75294117647058822" a="1"/>
<Specular r="0.37647058823529411" g="0.5" b="0.37647058823529411" a="1"/>
<Emissive r="0" g="0" b="0" a="1"/>
<Shininess>0.40000000596046448</Shininess>
</VisualProperties>
</Part>
<Part name="AxeArticulation" uid="AxeArticulation*:*Défaut" version="104">
<ModelUnits mass="kilogram" length="millimeter"/>
<PartFile name="AxeArticulation.SLDPRT" type="SolidWorks Part"/>
<MassProperties>
<Mass>3.6367861956118845e-13</Mass>
<CenterOfMass>0 -0.00011402656300615597 0.0021307319223985892</CenterOfMass>
<Inertia>0 0 0 0 0 0</Inertia>
</MassProperties>
<GeometryFile name="AxeArticulation_Défaut_sldprt.STEP" type="STEP"/>
<VisualProperties>
<Ambient r="0.792156862745098" g="0.81960784313725488" b="0.93333333333333335" a="1"/>
<Diffuse r="0.792156862745098" g="0.81960784313725488" b="0.93333333333333335" a="1"/>
<Specular r="0.396078431372549" g="0.40980392156862744" b="0.46666666666666667" a="1"/>
<Emissive r="0" g="0" b="0" a="1"/>
<Shininess>0.40000000596046448</Shininess>
</VisualProperties>
</Part>
<Part name="AxeBras" uid="AxeBras*:*Défaut" version="104">
<ModelUnits mass="kilogram" length="millimeter"/>
<PartFile name="AxeBras.SLDPRT" type="SolidWorks Part"/>
<MassProperties>
<Mass>6.5992676097002718e-12</Mass>
<CenterOfMass>-0.048219059130186578 0 0</CenterOfMass>
<Inertia>7.4534196241053463e-16 5.1914505440532212e-15 5.1839580222850834e-15 0 0 0</Inertia>
</MassProperties>
<GeometryFile name="AxeBras_Défaut_sldprt.STEP" type="STEP"/>
<VisualProperties>
<Ambient r="1" g="0" b="0" a="1"/>
<Diffuse r="1" g="0" b="0" a="1"/>
<Specular r="0.5" g="0" b="0" a="1"/>
<Emissive r="0" g="0" b="0" a="1"/>
<Shininess>0.40000000596046448</Shininess>
</VisualProperties>
</Part>
<Part name="AxePoids" uid="AxePoids*:*Défaut" version="104">
<ModelUnits mass="kilogram" length="millimeter"/>
<PartFile name="AxePoids.SLDPRT" type="SolidWorks Part"/>
<MassProperties>
<Mass>1.2840039937491999e-12</Mass>
<CenterOfMass>-0.0041541055520205507 0.0094534863101010305 -2.6439442480407892e-09</CenterOfMass>
<Inertia>1.2381504618383058e-15 0 1.2381577826876059e-15 0 0 0</Inertia>
</MassProperties>
<GeometryFile name="AxePoids_Défaut_sldprt.STEP" type="STEP"/>
<VisualProperties>
<Ambient r="1" g="0" b="0" a="1"/>
<Diffuse r="1" g="0" b="0" a="1"/>
<Specular r="0.5" g="0" b="0" a="1"/>
<Emissive r="0" g="0" b="0" a="1"/>
<Shininess>0.40000000596046448</Shininess>
</VisualProperties>
</Part>
<Part name="AxeRessort" uid="AxeRessort*:*Défaut" version="104">
<ModelUnits mass="kilogram" length="millimeter"/>
<PartFile name="AxeRessort.SLDPRT" type="SolidWorks Part"/>
<MassProperties>
<Mass>3.3431781821951382e-13</Mass>
<CenterOfMass>0 -0.0083913860610806568 0</CenterOfMass>
<Inertia>0 0 0 0 0 0</Inertia>
</MassProperties>
<GeometryFile name="AxeRessort_Défaut_sldprt.STEP" type="STEP"/>
<VisualProperties>
<Ambient r="1" g="0" b="0" a="1"/>
<Diffuse r="1" g="0" b="0" a="1"/>
<Specular r="0.5" g="0" b="0" a="1"/>
<Emissive r="0" g="0" b="0" a="1"/>
<Shininess>0.40000000596046448</Shininess>
</VisualProperties>
</Part>
<Part name="BagueExtRoulement" uid="BagueExtRoulement*:*Défaut" version="104">
<ModelUnits mass="kilogram" length="millimeter"/>
<PartFile name="BagueExtRoulement.SLDPRT" type="SolidWorks Part"/>
<MassProperties>
<Mass>3.8510450768364094e-13</Mass>
<CenterOfMass>0.0070000319510488433 -8.0599678600116997e-08 1.1093594041884269e-07</CenterOfMass>
<Inertia>0 0 0 0 0 0</Inertia>
</MassProperties>
<GeometryFile name="BagueExtRoulement_Défaut_sldprt.STEP" type="STEP"/>
<VisualProperties>
<Ambient r="0" g="0" b="0.75294117647058822" a="1"/>
<Diffuse r="0" g="0" b="0.75294117647058822" a="1"/>
<Specular r="0" g="0" b="0.37647058823529411" a="1"/>
<Emissive r="0" g="0" b="0" a="1"/>
<Shininess>0.40000000596046448</Shininess>
</VisualProperties>
</Part>
<Part name="BagueIna12" uid="BagueIna12*:*Défaut" version="104">
<ModelUnits mass="kilogram" length="millimeter"/>
<PartFile name="BagueIna12.SLDPRT" type="SolidWorks Part"/>
<MassProperties>
<Mass>4.8694686130641791e-14</Mass>
<CenterOfMass>0 0 0.0018483870967741941</CenterOfMass>
<Inertia>0 0 0 0 0 0</Inertia>
</MassProperties>
<GeometryFile name="BagueIna12_Défaut_sldprt.STEP" type="STEP"/>
<VisualProperties>
<Ambient r="1" g="0" b="0" a="1"/>
<Diffuse r="1" g="0" b="0" a="1"/>
<Specular r="0.5" g="0" b="0" a="1"/>
<Emissive r="0" g="0" b="0" a="1"/>
<Shininess>0.40000000596046448</Shininess>
</VisualProperties>
</Part>
<Part name="BagueIna30" uid="BagueIna30*:*Défaut" version="104">
<ModelUnits mass="kilogram" length="millimeter"/>
<PartFile name="BagueIna30.SLDPRT" type="SolidWorks Part"/>
<MassProperties>
<Mass>4.1154863762026296e-13</Mass>
<CenterOfMass>0 0 0.0052290076335877907</CenterOfMass>
<Inertia>0 0 0 0 0 0</Inertia>
</MassProperties>
