<?xml version="1.0" encoding="UTF-8" standalone="no" ?>
<SimscapeMultibodyImportXML version="2.0" xmlns="urn:mathworks:SimscapeMultibody:import" xmlns:xsi="http://www.w3.org/2001/XMLSchema-instance">
<Created by="" on="10/30/19||14:02:46" using="Simscape Multibody Link Version 6.1" from="SolidWorks 25.5.0"/>
<ModelUnits mass="kilogram" length="millimeter"/>
<DataUnits mass="kilogram" length="meter"/>
<RootAssembly name="Capsuleuse" uid="Capsuleuse" version="132">
<AssemblyFile name="Capsuleuse.SLDASM" type="SolidWorks Assembly"/>
<InstanceTree>
<Instance name="Bati-1" uid="Bati-1" entityUid="Bati" rigid="true">
<Transform>
<Rotation>-1 0 0 0 1 0 0 -2.2204460492503136e-16 -1</Rotation>
<Translation>0 0 0</Translation>
</Transform>
<Instance name="vis M6x20-2" uid="vis M6x20-2" entityUid="vis M6x20*:*Défaut">
<Transform>
<Rotation>-1 0 0 0 -3.4450928483976665e-16 -1 0 -1 0</Rotation>
<Translation>-0.00035889856916805629 0.02000000000000007 0.084999999999999992</Translation>
</Transform>
</Instance>
<Instance name="boitier-1" uid="boitier-1" entityUid="boitier*:*Défaut">
<Transform>
<Rotation>0 0 -1 1 -3.4450928483976665e-16 0 0 -1 0</Rotation>
<Translation>0 0.007000000000000086 0.125</Translation>
</Transform>
<VisualProperties>
<Ambient r="0" g="0.50196078431372548" b="1" a="0.73999999999999999"/>
<Diffuse r="0" g="0.50196078431372548" b="1" a="0.73999999999999999"/>
<Specular r="0" g="0.50196078431372548" b="1" a="0.73999999999999999"/>
<Emissive r="0" g="0" b="0" a="0.73999999999999999"/>
<Shininess>0.31</Shininess>
</VisualProperties>
</Instance>
<Instance name="plaque de base-1" uid="plaque de base-1" entityUid="plaque de base*:*Défaut">
<Transform>
<Rotation>-1 0 0 0 -3.4450928483976665e-16 -1 0 -1 0</Rotation>
<Translation>0.069999999999999993 0.012000000000000031 -0.030000000000000023</Translation>
</Transform>
<VisualProperties>
<Ambient r="1" g="1" b="0" a="0.75"/>
<Diffuse r="1" g="1" b="0" a="0.75"/>
<Specular r="1" g="1" b="0" a="0.75"/>
<Emissive r="0" g="0" b="0" a="0.75"/>
<Shininess>0.31</Shininess>
</VisualProperties>
</Instance>
<Instance name="vis M6x20-1" uid="vis M6x20-1" entityUid="vis M6x20*:*Défaut">
<Transform>
<Rotation>-1 0 0 0 -3.4450928483976665e-16 -1 0 -1 0</Rotation>
<Translation>0.039999999999999994 0.020000000000000087 0.125</Translation>
</Transform>
</Instance>
<Instance name="vis M8x25-2" uid="vis M8x25-2" entityUid="vis M8x25*:*Défaut">
<Transform>
<Rotation>-1 0 0 0 -3.4450928483976665e-16 -1 0 -1 0</Rotation>
<Translation>0.19499999999999995 0.025000000000000123 0.23499999999999999</Translation>
</Transform>
</Instance>
<Instance name="vis M8x25-3" uid="vis M8x25-3" entityUid="vis M8x25*:*Défaut">
<Transform>
<Rotation>-1 0 0 0 -3.4450928483976665e-16 -1 0 -1 0</Rotation>
<Translation>-0.12000000000000001 0.025000000000000022 -0.055000000000000042</Translation>
</Transform>
</Instance>
<Instance name="vis M8x25-1" uid="vis M8x25-1" entityUid="vis M8x25*:*Défaut">
<Transform>
<Rotation>-1 0 0 0 -3.4450928483976665e-16 -1 0 -1 0</Rotation>
<Translation>0.19499999999999995 0.02500000000000006 0.039999999999999987</Translation>
</Transform>
</Instance>
<Instance name="vis M6x20-3" uid="vis M6x20-3" entityUid="vis M6x20*:*Défaut">
<Transform>
<Rotation>-1 0 0 0 -3.4450928483976665e-16 -1 0 -1 0</Rotation>
<Translation>-0.00035889856916804241 0.020000000000000101 0.16500000000000001</Translation>
</Transform>
</Instance>
<Instance name="rampe-1" uid="rampe-1" entityUid="rampe*:*Défaut">
<Transform>
<Rotation>4.1633363423448301e-16 -1.047772979489992e-14 1 3.8359926459492124e-15 -1 -1.0477729794899907e-14 1 3.3919034360990173e-15 -4.1633363423442128e-16</Rotation>
<Translation>-0.010999999999999829 0.22464380550980667 0.14635619449019266</Translation>
</Transform>
<VisualProperties>
<Ambient r="0.50196078431372548" g="1" b="0.50196078431372548" a="1"/>
<Diffuse r="0.50196078431372548" g="1" b="0.50196078431372548" a="1"/>
<Specular r="0.50196078431372548" g="1" b="0.50196078431372548" a="1"/>
<Emissive r="0" g="0" b="0" a="1"/>
<Shininess>0.3125</Shininess>
</VisualProperties>
</Instance>
<Instance name="vis M8x20-3" uid="vis M8x20-3" entityUid="vis M8x20*:*Défaut">
<Transform>
<Rotation>0.92372802134706833 0.38304900806323749 0 1.3196393982644802e-16 -3.1823288002073119e-16 1 0.38304900806323761 -0.92372802134706822 -1.2246467991473535e-16</Rotation>
<Translation>-0.12000000000000005 0.29600000000000004 -0.054999999999999931</Translation>
</Transform>
</Instance>
<Instance name="pied-3" uid="pied-3" entityUid="pied*:*Défaut">
<Transform>
<Rotation>-1 0 0 0 -3.4450928483976665e-16 -1 0 -1 0</Rotation>
<Translation>-0.10900000000000003 0.31 -0.044000000000000025</Translation>
</Transform>
</Instance>
<Instance name="vis M6x20-6" uid="vis M6x20-6" entityUid="vis M6x20*:*Défaut">
<Transform>
<Rotation>0.8110116269453761 0.58503003423705879 0 0 -1.0237661974432911e-16 1 0.58503003423705879 -0.81101162694537599 0</Rotation>
<Translation>0 0.0019999999999999658 -0.042499999999999982</Translation>
</Transform>
</Instance>
<Instance name="pied-1" uid="pied-1" entityUid="pied*:*Défaut">
<Transform>
<Rotation>-1 0 0 0 -3.4450928483976665e-16 -1 0 -1 0</Rotation>
<Translation>0.20599999999999996 0.31000000000000011 0.246</Translation>
</Transform>
</Instance>
<Instance name="vis M8x20-2" uid="vis M8x20-2" entityUid="vis M8x20*:*Défaut">
<Transform>
<Rotation>0.92372802134706833 0.38304900806323749 0 1.3196393982644802e-16 -3.1823288002073119e-16 1 0.38304900806323761 -0.92372802134706822 -1.2246467991473535e-16</Rotation>
<Translation>0.19499999999999995 0.2960000000000001 0.23500000000000004</Translation>
</Transform>
</Instance>
<Instance name="support-1" uid="support-1" entityUid="support*:*Défaut">
<Transform>
<Rotation>1 -4.163336342344337e-16 0 0 -3.4450928483976665e-16 1 -4.163336342344337e-16 -1 0</Rotation>
<Translation>-0.03200000000000007 0.18500000000000008 0.41800000000000004</Translation>
</Transform>
<VisualProperties>
<Ambient r="1" g="0.50196078431372548" b="0" a="1"/>
<Diffuse r="1" g="0.50196078431372548" b="0" a="1"/>
<Specular r="1" g="0.50196078431372548" b="0" a="1"/>
<Emissive r="0" g="0" b="0" a="1"/>
<Shininess>0.3125</Shininess>
</VisualProperties>
</Instance>
<Instance name="pied-2" uid="pied-2" entityUid="pied*:*Défaut">
<Transform>
<Rotation>-1 0 0 0 -3.4450928483976665e-16 -1 0 -1 0</Rotation>
<Translation>0.20599999999999996 0.31000000000000005 0.051000000000000031</Translation>
</Transform>
</Instance>
<Instance name="motoreducteur-1" uid="motoreducteur-1" entityUid="motoreducteur*:*Défaut">
<Transform>
<Rotation>4.40619762898109e-16 0 1 3.4450928483976665e-16 -1 0 1 0 -4.40619762898109e-16</Rotation>
<Translation>0 0.0070000000000000409 0</Translation>
</Transform>
<VisualProperties>
<Ambient r="1" g="0.50196078431372548" b="0.50196078431372548" a="0.75"/>
<Diffuse r="1" g="0.50196078431372548" b="0.50196078431372548" a="0.75"/>
<Specular r="1" g="0.50196078431372548" b="0.50196078431372548" a="0.75"/>
<Emissive r="0" g="0" b="0" a="0.75"/>
<Shininess>0.31</Shininess>
</VisualProperties>
</Instance>
<Instance name="vis M6x20-5" uid="vis M6x20-5" entityUid="vis M6x20*:*Défaut">
<Transform>
<Rotation>0.62133114819087076 0.78354808677439458 -2.2041530742405821e-16 6.7953799353036215e-16 -2.5755000585380399e-16 1 0.78354808677439447 -0.62133114819087076 -4.7042993064990429e-16</Rotation>
<Translation>0.042499999999999996 0.0020000000000001523 0</Translation>
</Transform>
</Instance>
<Instance name="bati-1" uid="bati-1" entityUid="bati*:*Défaut">
<Transform>
<Rotation>-1 0 0 0 -3.4450928483976665e-16 -1 0 -1 0</Rotation>
<Translation>0.29999999999999993 0.31600000000000017 0.42999999999999999</Translation>
</Transform>
<VisualProperties>
<Ambient r="0.50196078431372548" g="1" b="1" a="1"/>
<Diffuse r="0.50196078431372548" g="1" b="1" a="1"/>
<Specular r="0.50196078431372548" g="1" b="1" a="1"/>
<Emissive r="0" g="0" b="0" a="1"/>
<Shininess>0.3125</Shininess>
</VisualProperties>
</Instance>
<Instance name="vis M8x20-1" uid="vis M8x20-1" entityUid="vis M8x20*:*Défaut">
<Transform>
<Rotation>0.92372802134706833 0.38304900806323749 0 1.3196393982644802e-16 -3.1823288002073119e-16 1 0.38304900806323761 -0.92372802134706822 -1.2246467991473535e-16</Rotation>
<Translation>0.19499999999999992 0.29600000000000004 0.040000000000000042</Translation>
</Transform>
</Instance>
<Instance name="vis M6x20-4" uid="vis M6x20-4" entityUid="vis M6x20*:*Défaut">
<Transform>
<Rotation>-1 0 0 0 -3.4450928483976665e-16 -1 0 -1 0</Rotation>
<Translation>-0.040000000000000008 0.020000000000000087 0.12500000000000003</Translation>
</Transform>
</Instance>
<Instance name="vis M6x20-7" uid="vis M6x20-7" entityUid="vis M6x20*:*Défaut">
<Transform>
<Rotation>0.87490998207615134 0.48428558027625451 -1.0081218782187235e-16 2.743738792625144e-16 -2.8751683642207646e-16 1 0.48428558027625451 -0.87490998207615134 0</Rotation>
<Translation>0 0.0020000000000000751 0.04250000000000001</Translation>
</Transform>
</Instance>
<Instance name="vis M6x20-8" uid="vis M6x20-8" entityUid="vis M6x20*:*Défaut">
<Transform>
<Rotation>0.63435116031287819 0.77304502159298916 0 4.8836579246297408e-16 -3.4343995484699601e-16 1 0.77304502159298916 -0.63435116031287819 -3.7334567350978015e-16</Rotation>
<Translation>-0.04250000000000001 0.0020000000000001072 0</Translation>
</Transform>
</Instance>
</Instance>
<Instance name="Croix_de_Malte-1" uid="Croix_de_Malte-1" entityUid="Croix_de_Malte" rigid="true">
<Transform>
<Rotation>-1 1.224645568252418e-16 1.2256905559948628e-16 1.224645568252418e-16 1 0 -1.2256905559948628e-16 0 -1</Rotation>
<Translation>1.8805627065123973e-15 -0.02199999999999994 -0.125</Translation>
</Transform>
<Instance name="ecrou M12-1" uid="ecrou M12-1" entityUid="ecrou M12*:*Défaut">
<Transform>
<Rotation>-1 3.4416913763379853e-15 -1.2246467991473532e-16 1.2246467991473532e-16 0 -1 -3.4416913763379853e-15 -1 0</Rotation>
<Translation>-0.035355339059327293 0.21350000000000002 -0.035355339059327431</Translation>
</Transform>
<VisualProperties>
<Ambient r="1" g="0.50196078431372548" b="0.50196078431372548" a="1"/>
<Diffuse r="1" g="0.50196078431372548" b="0.50196078431372548" a="1"/>
<Specular r="1" g="0.50196078431372548" b="0.50196078431372548" a="1"/>
<Emissive r="0" g="0" b="0" a="1"/>
<Shininess>0.3125</Shininess>
</VisualProperties>
</Instance>
<Instance name="goupille D6-1" uid="goupille D6-1" entityUid="goupille D6*:*Défaut">
<Transform>
<Rotation>0 -1 -1.2246467991473532e-16 0 1.2246467991473532e-16 -1 1 0 0</Rotation>
<Translation>-0.015999999999999962 0.016999999999999998 0.0069999999999999507</Translation>
</Transform>
<VisualProperties>
<Ambient r="1" g="0.50196078431372548" b="0" a="1"/>
<Diffuse r="1" g="0.50196078431372548" b="0" a="1"/>
<Specular r="1" g="0.50196078431372548" b="0" a="1"/>
<Emissive r="0" g="0" b="0" a="1"/>
<Shininess>0.3125</Shininess>
</VisualProperties>
</Instance>
<Instance name="goupille D6-2" uid="goupille D6-2" entityUid="goupille D6*:*Défaut">
<Transform>
<Rotation>-0.99183525855938892 0.12752576162654508 -1.2246467991473532e-16 1.2146478746762432e-16 0 -1 -0.12752576162654508 -0.99183525855938892 0</Rotation>
<Translation>0.015999999999999993 0.016999999999999994 0.007000000000000034</Translation>
</Transform>
<VisualProperties>
<Ambient r="1" g="0.50196078431372548" b="0" a="1"/>
<Diffuse r="1" g="0.50196078431372548" b="0" a="1"/>
<Specular r="1" g="0.50196078431372548" b="0" a="1"/>
<Emissive r="0" g="0" b="0" a="1"/>
<Shininess>0.3125</Shininess>
</VisualProperties>
</Instance>
<Instance name="bride-1" uid="bride-1" entityUid="bride*:*Défaut">
<Transform>
<Rotation>1.2246467991473532e-16 -1 0 1 1.2246467991473532e-16 0 0 0 1</Rotation>
<Translation>0 0.17999999999999999 0</Translation>
</Transform>
<VisualProperties>
<Ambient r="0.73725490196078436" g="0.77254901960784317" b="0.77254901960784317" a="1"/>
<Diffuse r="0.73725490196078436" g="0.77254901960784317" b="0.77254901960784317" a="1"/>
<Specular r="0.73725490196078436" g="0.77254901960784317" b="0.77254901960784317" a="1"/>
<Emissive r="0" g="0" b="0" a="1"/>
<Shininess>0.3125</Shininess>
</VisualProperties>
</Instance>
<Instance name="vis M6x30-2" uid="vis M6x30-2" entityUid="vis M6x30*:*Défaut">
<Transform>
<Rotation>0 -1 -1.2246467991473532e-16 0 1.2246467991473532e-16 -1 1 0 0</Rotation>
<Translation>0.067500000000000032 0.20999999999999996 0</Translation>
</Transform>
<VisualProperties>
<Ambient r="0.50196078431372548" g="1" b="1" a="1"/>
<Diffuse r="0.50196078431372548" g="1" b="1" a="1"/>
<Specular r="0.50196078431372548" g="1" b="1" a="1"/>
<Emissive r="0" g="0" b="0" a="1"/>
<Shininess>0.3125</Shininess>
</VisualProperties>
</Instance>
<Instance name="plateau-1" uid="plateau-1" entityUid="plateau*:*Défaut">
<Transform>
<Rotation>-1 1.7763568394002505e-15 -1.2246467991473532e-16 1.224646799147353e-16 0 -1 -1.7763568394002505e-15 -1 0</Rotation>
<Translation>0 0.221 0</Translation>
</Transform>
<VisualProperties>
<Ambient r="0.97254901960784312" g="0.91764705882352937" b="0.53725490196078429" a="1"/>
<Diffuse r="0.97254901960784312" g="0.91764705882352937" b="0.53725490196078429" a="1"/>
<Specular r="0.97254901960784312" g="0.91764705882352937" b="0.53725490196078429" a="1"/>
<Emissive r="0" g="0" b="0" a="1"/>
<Shininess>0.3125</Shininess>
</VisualProperties>
</Instance>
<Instance name="vis M6x30-4" uid="vis M6x30-4" entityUid="vis M6x30*:*Défaut">
<Transform>
<Rotation>0 -1 -1.2246467991473532e-16 0 1.2246467991473532e-16 -1 1 0 0</Rotation>
<Translation>0 0.20999999999999999 -0.067500000000000004</Translation>
</Transform>
<VisualProperties>
<Ambient r="0.50196078431372548" g="1" b="1" a="1"/>
<Diffuse r="0.50196078431372548" g="1" b="1" a="1"/>
<Specular r="0.50196078431372548" g="1" b="1" a="1"/>
<Emissive r="0" g="0" b="0" a="1"/>
<Shininess>0.3125</Shininess>
</VisualProperties>
</Instance>
<Instance name="vis a billes-1" uid="vis a billes-1" entityUid="vis a billes*:*Défaut">
<Transform>
<Rotation>0.99265899371176203 -0.12094677425691022 1.2246467991473532e-16 -1.215656659293942e-16 0 1 -0.12094677425691039 -0.99265899371176214 0</Rotation>
<Translation>-0.035355339059327293 0.19500000000000001 -0.035355339059327431</Translation>
</Transform>
<VisualProperties>
<Ambient r="0.50196078431372548" g="0.50196078431372548" b="1" a="1"/>
<Diffuse r="0.50196078431372548" g="0.50196078431372548" b="1" a="1"/>
<Specular r="0.50196078431372548" g="0.50196078431372548" b="1" a="1"/>
<Emissive r="0" g="0" b="0" a="1"/>
<Shininess>0.3125</Shininess>
</VisualProperties>
</Instance>
<Instance name="limiteur couple-1" uid="limiteur couple-1" entityUid="limiteur couple*:*Défaut">
<Transform>
<Rotation>1.2246467991473532e-16 -0.70710678118654624 -0.70710678118654879 1 0 0 0 -0.70710678118654879 0.70710678118654624</Rotation>
<Translation>0 0.14499999999999999 0</Translation>
</Transform>
<VisualProperties>
<Ambient r="0.50196078431372548" g="0.50196078431372548" b="0.50196078431372548" a="1"/>
<Diffuse r="0.50196078431372548" g="0.50196078431372548" b="0.50196078431372548" a="1"/>
<Specular r="0.50196078431372548" g="0.50196078431372548" b="0.50196078431372548" a="1"/>
<Emissive r="0" g="0" b="0" a="1"/>
<Shininess>0.3125</Shininess>
</VisualProperties>
</Instance>
<Instance name="mecanindus-1" uid="mecanindus-1" entityUid="mecanindus*:*Défaut">
<Transform>
<Rotation>-0.26301896557140692 -0.96479066317504703 -7.7715611723760958e-16 0.96479066317504714 -0.26301896557140692 0 -2.044067980433272e-16 -7.7715611723760938e-16 1</Rotation>
<Translation>0 0.15999999999999995 -0.022500000000000006</Translation>
</Transform>
<VisualProperties>
<Ambient r="0.50196078431372548" g="1" b="0" a="1"/>
<Diffuse r="0.50196078431372548" g="1" b="0" a="1"/>
<Specular r="0.50196078431372548" g="1" b="0" a="1"/>
<Emissive r="0" g="0" b="0" a="1"/>
<Shininess>0.3125</Shininess>
</VisualProperties>
</Instance>
<Instance name="vis M6x30-1" uid="vis M6x30-1" entityUid="vis M6x30*:*Défaut">
<Transform>
<Rotation>0 -1 -1.2246467991473532e-16 0 1.2246467991473532e-16 -1 1 0 0</Rotation>
<Translation>0 0.21000000000000002 0.067500000000000004</Translation>
</Transform>
<VisualProperties>
<Ambient r="0.50196078431372548" g="1" b="1" a="1"/>
<Diffuse r="0.50196078431372548" g="1" b="1" a="1"/>
<Specular r="0.50196078431372548" g="1" b="1" a="1"/>
<Emissive r="0" g="0" b="0" a="1"/>
<Shininess>0.3125</Shininess>
</VisualProperties>
</Instance>
<Instance name="vis M6x30-3" uid="vis M6x30-3" entityUid="vis M6x30*:*Défaut">
<Transform>
<Rotation>0 -1 -1.2246467991473532e-16 0 1.2246467991473532e-16 -1 1 0 0</Rotation>
<Translation>-0.067499999999999977 0.20999999999999999 0</Translation>
</Transform>
<VisualProperties>
<Ambient r="0.50196078431372548" g="1" b="1" a="1"/>
<Diffuse r="0.50196078431372548" g="1" b="1" a="1"/>
<Specular r="0.50196078431372548" g="1" b="1" a="1"/>
<Emissive r="0" g="0" b="0" a="1"/>
<Shininess>0.3125</Shininess>
</VisualProperties>
</Instance>
<Instance name="6004-2" uid="6004-2" entityUid="6004" rigid="true">
<Transform>
<Rotation>1.2246467991473532e-16 -1 0 1 1.2246467991473532e-16 0 0 0 1</Rotation>
<Translation>0.087500000000000008 0.13400000000000001 0</Translation>
</Transform>
<Instance name="BI 6004-1" uid="BI 6004-1" grounded="true" entityUid="BI 6004*:*Défaut">
<Transform>
<Rotation>1 0 0 0 1 0 0 0 1</Rotation>
<Translation>0 0 0</Translation>
</Transform>
<VisualProperties>
<Ambient r="1" g="0" b="0.50196078431372548" a="1"/>
<Diffuse r="1" g="0" b="0.50196078431372548" a="1"/>
<Specular r="1" g="0" b="0.50196078431372548" a="1"/>
<Emissive r="0" g="0" b="0" a="1"/>
<Shininess>0.3125</Shininess>
</VisualProperties>
</Instance>
<Instance name="bille 6004-1" uid="bille 6004-1" entityUid="bille 6004*:*Défaut">
<Transform>
<Rotation>1 0 0 0 1 0 0 0 1</Rotation>
<Translation>0 0 0</Translation>
</Transform>
</Instance>
<Instance name="BE 6004-1" uid="BE 6004-1" entityUid="BE 6004*:*Défaut">
<Transform>
<Rotation>1 0 0 0 1 0 0 0 1</Rotation>
<Translation>0 0 0</Translation>
</Transform>
<VisualProperties>
<Ambient r="1" g="0.50196078431372548" b="1" a="1"/>
<Diffuse r="1" g="0.50196078431372548" b="1" a="1"/>
<Specular r="1" g="0.50196078431372548" b="1" a="1"/>
<Emissive r="0" g="0" b="0" a="1"/>
<Shininess>0.3125</Shininess>
</VisualProperties>
</Instance>
</Instance>
<Instance name="doigt-1" uid="doigt-1" entityUid="doigt*:*Défaut">
<Transform>
<Rotation>1.2246467991473532e-16 -1 0 1 1.2246467991473532e-16 0 0 0 1</Rotation>
<Translation>0 -0.019 0.049999999999999989</Translation>
</Transform>
<VisualProperties>
<Ambient r="0" g="0.50196078431372548" b="1" a="1"/>
<Diffuse r="0" g="0.50196078431372548" b="1" a="1"/>
<Specular r="0" g="0.50196078431372548" b="1" a="1"/>
<Emissive r="0" g="0" b="0" a="1"/>
<Shininess>0.3125</Shininess>
</VisualProperties>
</Instance>
<Instance name="axe de sortie-1" uid="axe de sortie-1" entityUid="axe de sortie*:*Défaut">
<Transform>
<Rotation>1.2246467991473532e-16 -1 0 1 1.2246467991473532e-16 0 0 0 1</Rotation>
<Translation>0 -0.0010000000000000009 0</Translation>
</Transform>
<VisualProperties>
<Ambient r="1" g="0.50196078431372548" b="0.50196078431372548" a="1"/>
<Diffuse r="1" g="0.50196078431372548" b="0.50196078431372548" a="1"/>
<Specular r="1" g="0.50196078431372548" b="0.50196078431372548" a="1"/>
<Emissive r="0" g="0" b="0" a="1"/>
<Shininess>0.3125</Shininess>
</VisualProperties>
</Instance>
<Instance name="croix-1" uid="croix-1" entityUid="croix*:*Défaut">
<Transform>
<Rotation>1.2246467991473532e-16 2.0539125955565396e-15 -1 1 0 1.224646799147353e-16 0 -1 -2.0539125955565396e-15</Rotation>
<Translation>0 0 0</Translation>
</Transform>
<VisualProperties>
<Ambient r="0.57647058823529407" g="0.57647058823529407" b="0.57647058823529407" a="1"/>
<Diffuse r="0.57647058823529407" g="0.57647058823529407" b="0.57647058823529407" a="1"/>
<Specular r="0.57647058823529407" g="0.57647058823529407" b="0.57647058823529407" a="1"/>
<Emissive r="0" g="0" b="0" a="1"/>
<Shininess>0.3125</Shininess>
</VisualProperties>
</Instance>
<Instance name="capteur-1" uid="capteur-1" entityUid="capteur*:*Défaut">
<Transform>
<Rotation>-1.9984014443252818e-15 -1 -1.2246467991473532e-16 0 1.2246467991473532e-16 -1 1 -2.1649348980190553e-15 0</Rotation>
<Translation>0 -0.0010000000000000009 0</Translation>
</Transform>
<VisualProperties>
<Ambient r="0" g="1" b="0" a="1"/>
<Diffuse r="0" g="1" b="0" a="1"/>
<Specular r="0" g="1" b="0" a="1"/>
<Emissive r="0" g="0" b="0" a="1"/>
<Shininess>0.3125</Shininess>
</VisualProperties>
</Instance>
<Instance name="vis M6x25-1" uid="vis M6x25-1" entityUid="vis M6x25*:*Défaut">
<Transform>
<Rotation>0 -1 -1.2246467991473532e-16 0 1.2246467991473532e-16 -1 1 0 0</Rotation>
<Translation>0 0.011999999999999999 0.016000000000000014</Translation>
</Transform>
<VisualProperties>
<Ambient r="0.50196078431372548" g="1" b="1" a="1"/>
<Diffuse r="0.50196078431372548" g="1" b="1" a="1"/>
<Specular r="0.50196078431372548" g="1" b="1" a="1"/>
<Emissive r="0" g="0" b="0" a="1"/>
<Shininess>0.3125</Shininess>
</VisualProperties>
</Instance>
<Instance name="6004-1" uid="6004-1" entityUid="6004" rigid="true">
<Transform>
<Rotation>1.2246467991473532e-16 -1 0 1 1.2246467991473532e-16 0 0 0 1</Rotation>
<Translation>0.087500000000000008 0.05599999999999998 0</Translation>
</Transform>
<Instance name="BI 6004-1" uid="BI 6004-1" grounded="true" entityUid="BI 6004*:*Défaut">
<Transform>
<Rotation>1 0 0 0 1 0 0 0 1</Rotation>
<Translation>0 0 0</Translation>
</Transform>
<VisualProperties>
<Ambient r="1" g="0" b="0.50196078431372548" a="1"/>
<Diffuse r="1" g="0" b="0.50196078431372548" a="1"/>
<Specular r="1" g="0" b="0.50196078431372548" a="1"/>
<Emissive r="0" g="0" b="0" a="1"/>
<Shininess>0.3125</Shininess>
</VisualProperties>
</Instance>
<Instance name="bille 6004-1" uid="bille 6004-1" entityUid="bille 6004*:*Défaut">
<Transform>
<Rotation>1 0 0 0 1 0 0 0 1</Rotation>
<Translation>0 0 0</Translation>
</Transform>
</Instance>
<Instance name="BE 6004-1" uid="BE 6004-1" entityUid="BE 6004*:*Défaut">
<Transform>
<Rotation>1 0 0 0 1 0 0 0 1</Rotation>
<Translation>0 0 0</Translation>
</Transform>
<VisualProperties>
<Ambient r="1" g="0.50196078431372548" b="1" a="1"/>
<Diffuse r="1" g="0.50196078431372548" b="1" a="1"/>
<Specular r="1" g="0.50196078431372548" b="1" a="1"/>
<Emissive r="0" g="0" b="0" a="1"/>
<Shininess>0.3125</Shininess>
</VisualProperties>
</Instance>
</Instance>
</Instance>
<Instance name="rouleau galet-1" uid="rouleau galet-1" entityUid="rouleau galet*:*Défaut">
<Transform>
<Rotation>0.0080372300151583254 0 0.99996770094522747 0 1 0 -0.99996770094522747 0 0.0080372300151583254</Rotation>
<Translation>0.062251978115568589 -0.012000000000000007 -0.062881086712767875</Translation>
</Transform>
</Instance>
<Instance name="Moteur-1" uid="Moteur-1" entityUid="Moteur" rigid="true">
<Transform>
<Rotation>-0.71141718390936037 7.991794372831589e-16 0.70276994133106985 1.0319605913002637e-15 1 0 -0.70276994133106985 6.5940584441089816e-16 -0.71141718390936037</Rotation>
<Translation>0 -0.024999999999999828 0</Translation>
</Transform>
<Instance name="indexeur-1" uid="indexeur-1" entityUid="indexeur*:*Défaut">
<Transform>
<Rotation>1.1021821192326179e-15 2.7755575615628914e-16 1 1 0 -1.1021821192326179e-15 0 1 -2.7755575615628914e-16</Rotation>
<Translation>0 -0.012000000000000004 0</Translation>
</Transform>
<VisualProperties>
<Ambient r="0.6705882352941176" g="0.65490196078431373" b="0.047058823529411764" a="1"/>
<Diffuse r="0.6705882352941176" g="0.65490196078431373" b="0.047058823529411764" a="1"/>
<Specular r="0.6705882352941176" g="0.65490196078431373" b="0.047058823529411764" a="1"/>
<Emissive r="0" g="0" b="0" a="1"/>
<Shininess>0.3125</Shininess>
</VisualProperties>
</Instance>
<Instance name="capteur-1" uid="capteur-1" entityUid="capteur*:*Défaut">
<Transform>
<Rotation>0 -1 0 1.2246467991473535e-16 0 1 -1 0 1.2246467991473535e-16</Rotation>
<Translation>0 -0.024000000000000007 0</Translation>
</Transform>
<VisualProperties>
<Ambient r="0" g="1" b="0" a="1"/>
<Diffuse r="0" g="1" b="0" a="1"/>
<Specular r="0" g="1" b="0" a="1"/>
<Emissive r="0" g="0" b="0" a="1"/>
<Shininess>0.3125</Shininess>
</VisualProperties>
</Instance>
<Instance name="ecrou M8-1" uid="ecrou M8-1" entityUid="ecrou M8*:*Défaut">
<Transform>
<Rotation>0.85263389130312617 -0.52250880126681976 1.2246467991473525e-16 -1.0441753658289267e-16 0 1 -0.52250880126681976 -0.85263389130312617 0</Rotation>
<Translation>0 -0.020499999999999886 0.088389999999999996</Translation>
</Transform>
<VisualProperties>
<Ambient r="1" g="0.50196078431372548" b="0.50196078431372548" a="1"/>
<Diffuse r="1" g="0.50196078431372548" b="0.50196078431372548" a="1"/>
<Specular r="1" g="0.50196078431372548" b="0.50196078431372548" a="1"/>
<Emissive r="0" g="0" b="0" a="1"/>
<Shininess>0.3125</Shininess>
</VisualProperties>
</Instance>
<Instance name="arbre moteur-1" uid="arbre moteur-1" entityUid="arbre moteur*:*Défaut">
<Transform>
<Rotation>1.1021821192326179e-15 -1.6653345369377348e-16 -1 1 0 1.1021821192326179e-15 0 -1 1.6653345369377348e-16</Rotation>
<Translation>0 -0.013000000000000005 0</Translation>
</Transform>
<VisualProperties>
<Ambient r="1" g="0.50196078431372548" b="1" a="1"/>
<Diffuse r="1" g="0.50196078431372548" b="1" a="1"/>
<Specular r="1" g="0.50196078431372548" b="1" a="1"/>
<Emissive r="0" g="0" b="0" a="1"/>
<Shininess>0.3125</Shininess>
</VisualProperties>
</Instance>
<Instance name="goupille D10-1" uid="goupille D10-1" entityUid="goupille D10*:*Défaut">
<Transform>
<Rotation>1.6653345369377348e-16 1 -1.2246467991473525e-16 0 -1.2246467991473535e-16 -1 -1 1.6653345369377348e-16 0</Rotation>
<Translation>0 0.017000000000000001 -0.03500000000000001</Translation>
</Transform>
</Instance>
<Instance name="maneton-1" uid="maneton-1" entityUid="maneton*:*Défaut">
<Transform>
<Rotation>2.7755575615628914e-16 -1 -1.1021821192326179e-15 0 1.1021821192326179e-15 -1 1 2.7755575615628914e-16 0</Rotation>
<Translation>0.035000000000000003 0 -0.035000000000000017</Translation>
</Transform>
<VisualProperties>
<Ambient r="0.98039215686274506" g="0.71764705882352942" b="0.52156862745098043" a="1"/>
<Diffuse r="0.98039215686274506" g="0.71764705882352942" b="0.52156862745098043" a="1"/>
<Specular r="0.98039215686274506" g="0.71764705882352942" b="0.52156862745098043" a="1"/>
<Emissive r="0" g="0" b="0" a="1"/>
<Shininess>0.3125</Shininess>
</VisualProperties>
</Instance>
<Instance name="doigt-1" uid="doigt-1" entityUid="doigt*:*Défaut">
<Transform>
<Rotation>1.2246467991473525e-16 -0.86150256280198834 0.50775322183675642 1 1.0550363559926967e-16 0 0 0.50775322183675642 0.86150256280198834</Rotation>
<Translation>0 -0.03000000000000002 -0.050000000000000017</Translation>
</Transform>
<VisualProperties>
<Ambient r="0" g="0.50196078431372548" b="1" a="1"/>
<Diffuse r="0" g="0.50196078431372548" b="1" a="1"/>
<Specular r="0" g="0.50196078431372548" b="1" a="1"/>
<Emissive r="0" g="0" b="0" a="1"/>
<Shininess>0.3125</Shininess>
</VisualProperties>
</Instance>
<Instance name="rondelle galet-1" uid="rondelle galet-1" entityUid="rondelle galet*:*Défaut">
<Transform>
<Rotation>1.2246467991473525e-16 -1 0 1 1.2246467991473535e-16 0 0 0 1</Rotation>
<Translation>0 0 0.088389999999999996</Translation>
</Transform>
<VisualProperties>
<Ambient r="0" g="1" b="0.50196078431372548" a="1"/>
<Diffuse r="0" g="1" b="0.50196078431372548" a="1"/>
<Specular r="0" g="1" b="0.50196078431372548" a="1"/>
<Emissive r="0" g="0" b="0" a="1"/>
<Shininess>0.3125</Shininess>
</VisualProperties>
</Instance>
<Instance name="rondelle galet-2" uid="rondelle galet-2" entityUid="rondelle galet*:*Défaut">
<Transform>
<Rotation>1.2246467991473525e-16 -1 0 1 1.2246467991473535e-16 0 0 0 1</Rotation>
<Translation>0 -0.014000000000000005 0.08839000000000001</Translation>
</Transform>
<VisualProperties>
<Ambient r="0" g="1" b="0.50196078431372548" a="1"/>
<Diffuse r="0" g="1" b="0.50196078431372548" a="1"/>
<Specular r="0" g="1" b="0.50196078431372548" a="1"/>
<Emissive r="0" g="0" b="0" a="1"/>
<Shininess>0.3125</Shininess>
</VisualProperties>
</Instance>
<Instance name="axe galet-1" uid="axe galet-1" entityUid="axe galet*:*Défaut">
<Transform>
<Rotation>-1.2246467991473525e-16 -0.45089655838330323 0.89257621166939716 -1 0 -1.093090600615997e-16 0 -0.89257621166939705 -0.45089655838330356</Rotation>
<Translation>0 0.011999999999999889 0.08839000000000001</Translation>
</Transform>
<VisualProperties>
<Ambient r="0.50196078431372548" g="0" b="1" a="1"/>
<Diffuse r="0.50196078431372548" g="0" b="1" a="1"/>
<Specular r="0.50196078431372548" g="0" b="1" a="1"/>
<Emissive r="0" g="0" b="0" a="1"/>
<Shininess>0.3125</Shininess>
</VisualProperties>
</Instance>
<Instance name="vis M6x30-1" uid="vis M6x30-1" entityUid="vis M6x30*:*Défaut">
<Transform>
<Rotation>-0.92422459273630286 -0.38184931868659266 -1.2246467991473525e-16 1.1318486891877788e-16 0 -0.99999999999999989 0.38184931868659266 -0.92422459273630286 0</Rotation>
<Translation>0 0.005999999999999988 -0.016000000000000011</Translation>
</Transform>
<VisualProperties>
<Ambient r="0" g="1" b="1" a="1"/>
<Diffuse r="0" g="1" b="1" a="1"/>
<Specular r="0" g="1" b="1" a="1"/>
<Emissive r="0" g="0" b="0" a="1"/>
<Shininess>0.3125</Shininess>
</VisualProperties>
</Instance>
<Instance name="goupille D6-1" uid="goupille D6-1" entityUid="goupille D6*:*Défaut">
<Transform>
<Rotation>0 -1 1.2246467991473525e-16 0 1.2246467991473535e-16 1 -1 0 0</Rotation>
<Translation>0.016000000000000035 -0.024000000000000014 -0.0070000000000000106</Translation>
</Transform>
<VisualProperties>
<Ambient r="1" g="0.50196078431372548" b="0" a="1"/>
<Diffuse r="1" g="0.50196078431372548" b="0" a="1"/>
<Specular r="1" g="0.50196078431372548" b="0" a="1"/>
<Emissive r="0" g="0" b="0" a="1"/>
<Shininess>0.3125</Shininess>
</VisualProperties>
</Instance>
<Instance name="clavette-1" uid="clavette-1" entityUid="clavette*:*Défaut">
<Transform>
<Rotation>-1 -1.6653345369377348e-16 -1.1021821192326179e-15 1.1021821192326179e-15 0 -1 1.6653345369377348e-16 -1 0</Rotation>
<Translation>0.0030000000000001505 0.14300000000000004 -0.0068543636114536087</Translation>
</Transform>
<VisualProperties>
<Ambient r="0.50196078431372548" g="0.25098039215686274" b="0" a="1"/>
<Diffuse r="0.50196078431372548" g="0.25098039215686274" b="0" a="1"/>
<Specular r="0.50196078431372548" g="0.25098039215686274" b="0" a="1"/>
<Emissive r="0" g="0" b="0" a="1"/>
<Shininess>0.3125</Shininess>
</VisualProperties>
</Instance>
<Instance name="rondelle arbre moteur-1" uid="rondelle arbre moteur-1" entityUid="rondelle arbre moteur*:*Défaut">
<Transform>
<Rotation>1.2246467991473525e-16 -0.96438066785536902 -0.26451829325555626 1 1.181025698048665e-16 0 0 -0.26451829325555626 0.96438066785536902</Rotation>
<Translation>0.00048219033392770186 0.15299999999999991 0.0001322591466277776</Translation>
</Transform>
<VisualProperties>
<Ambient r="0" g="1" b="0.50196078431372548" a="1"/>
<Diffuse r="0" g="1" b="0.50196078431372548" a="1"/>
<Specular r="0" g="1" b="0.50196078431372548" a="1"/>
<Emissive r="0" g="0" b="0" a="1"/>
<Shininess>0.3125</Shininess>
</VisualProperties>
</Instance>
<Instance name="vis M6x20-1" uid="vis M6x20-1" entityUid="vis M6x20*:*Défaut">
<Transform>
<Rotation>-0.47855477983915123 -0.87805769895440355 -1.2246467991473525e-16 0 1.0753105504912e-16 -1 0.87805769895440355 -0.47855477983915123 0</Rotation>
<Translation>-0.025999999999999992 0.013999999999999979 0.026000000000000009</Translation>
</Transform>
<VisualProperties>
<Ambient r="0" g="1" b="1" a="1"/>
<Diffuse r="0" g="1" b="1" a="1"/>
<Specular r="0" g="1" b="1" a="1"/>
<Emissive r="0" g="0" b="0" a="1"/>
<Shininess>0.3125</Shininess>
</VisualProperties>
</Instance>
<Instance name="vis M6x15-1" uid="vis M6x15-1" entityUid="vis M6x15*:*Défaut">
<Transform>
<Rotation>0.13313068247935445 -0.99109849227136926 1.2246467991473525e-16 0 1.2137455961998973e-16 1 -0.99109849227136926 -0.13313068247935445 0</Rotation>
<Translation>0 0.14200000000000002 0</Translation>
</Transform>
<VisualProperties>
<Ambient r="0.50196078431372548" g="1" b="1" a="1"/>
<Diffuse r="0.50196078431372548" g="1" b="1" a="1"/>
<Specular r="0.50196078431372548" g="1" b="1" a="1"/>
<Emissive r="0" g="0" b="0" a="1"/>
<Shininess>0.3125</Shininess>
</VisualProperties>
</Instance>
<Instance name="goupille D6-2" uid="goupille D6-2" entityUid="goupille D6*:*Défaut">
<Transform>
<Rotation>0 -1 1.2246467991473525e-16 0 1.2246467991473535e-16 1 -1 0 0</Rotation>
<Translation>-0.01599999999999998 -0.024 -0.0070000000000000071</Translation>
</Transform>
<VisualProperties>
<Ambient r="1" g="0.50196078431372548" b="0" a="1"/>
<Diffuse r="1" g="0.50196078431372548" b="0" a="1"/>
<Specular r="1" g="0.50196078431372548" b="0" a="1"/>
<Emissive r="0" g="0" b="0" a="1"/>
<Shininess>0.3125</Shininess>
</VisualProperties>
</Instance>
<Instance name="vis M6x20-2" uid="vis M6x20-2" entityUid="vis M6x20*:*Défaut">
<Transform>
<Rotation>-0.99946897327208395 0.032584834915131422 -1.2246467991473525e-16 1.2239964789647493e-16 0 -1 -0.032584834915131422 -0.99946897327208395 0</Rotation>
<Translation>0.026000000000000006 0.014000000000000021 -0.026000000000000013</Translation>
</Transform>
<VisualProperties>
<Ambient r="0" g="1" b="1" a="1"/>
<Diffuse r="0" g="1" b="1" a="1"/>
<Specular r="0" g="1" b="1" a="1"/>
<Emissive r="0" g="0" b="0" a="1"/>
<Shininess>0.3125</Shininess>
</VisualProperties>
</Instance>
</Instance>
</InstanceTree>
<Constraints>
<Coincident name="Coïncidente1">
<ConstraintGeometry geomType="plane">
<InstancePath>
<Uid>Bati-1</Uid>
</InstancePath>
<Position>0 0 0</Position>
<Axis>0 2.2204460492503136e-16 1</Axis>
</ConstraintGeometry>
<ConstraintGeometry geomType="plane">
<InstancePath>
<Uid>Capsuleuse</Uid>
</InstancePath>
<Position>0 0 0</Position>
<Axis>0 0 1</Axis>
</ConstraintGeometry>
</Coincident>
<Coincident name="Coïncidente2">
<ConstraintGeometry geomType="plane">
<InstancePath>
<Uid>Bati-1</Uid>
</InstancePath>
<Position>0 0 0</Position>
<Axis>0 1 2.2204460492503136e-16</Axis>
</ConstraintGeometry>
<ConstraintGeometry geomType="plane">
<InstancePath>
<Uid>Capsuleuse</Uid>
</InstancePath>
<Position>0 0 0</Position>
<Axis>0 1 0</Axis>
</ConstraintGeometry>
</Coincident>
<Coincident name="Coïncidente3">
<ConstraintGeometry geomType="plane">
<InstancePath>
<Uid>Bati-1</Uid>
</InstancePath>
<Position>0 0 0</Position>
<Axis>1 0 0</Axis>
</ConstraintGeometry>
<ConstraintGeometry geomType="plane">
<InstancePath>
<Uid>Capsuleuse</Uid>
</InstancePath>
<Position>0 0 0</Position>
<Axis>1 0 0</Axis>
</ConstraintGeometry>
</Coincident>
<Concentric name="Coaxiale1">
<ConstraintGeometry geomType="cylinder">
<InstancePath>
<Uid>Bati-1</Uid>
<Uid>plaque de base-1</Uid>
</InstancePath>
<Position>0.069999999999999993 -0.030000000000000016 0.011999999999999993</Position>
<Axis>0 -2.2204460492503136e-16 -1</Axis>
</ConstraintGeometry>
<ConstraintGeometry geomType="cylinder">
<InstancePath>
<Uid>Moteur-1</Uid>
<Uid>arbre moteur-1</Uid>
</InstancePath>
<Position>0 0 0</Position>
<Axis>-1 0 0</Axis>
</ConstraintGeometry>
</Concentric>
<Concentric name="Coaxiale2">
<ConstraintGeometry geomType="cylinder">
<InstancePath>
<Uid>Bati-1</Uid>
<Uid>plaque de base-1</Uid>
</InstancePath>
<Position>0.070000000000000007 -0.15500000000000003 0.011999999999999966</Position>
<Axis>0 -2.2204460492503136e-16 -1</Axis>
</ConstraintGeometry>
<ConstraintGeometry geomType="cylinder">
<InstancePath>
<Uid>Croix_de_Malte-1</Uid>
<Uid>axe de sortie-1</Uid>
</InstancePath>
<Position>-0.048771720193172469 0 0</Position>
<Axis>-1 0 0</Axis>
</ConstraintGeometry>
</Concentric>
<Coincident name="Coïncidente5">
<ConstraintGeometry geomType="plane">
<InstancePath>
<Uid>Bati-1</Uid>
<Uid>boitier-1</Uid>
</InstancePath>
<Position>0 0.022499999999999992 0</Position>
<Axis>-1 2.2204460492503136e-16 0</Axis>
</ConstraintGeometry>
<ConstraintGeometry geomType="plane">
<InstancePath>
<Uid>Croix_de_Malte-1</Uid>
<Uid>croix-1</Uid>
</InstancePath>
<Position>0.029000000000000005 0.028999999999999998 0</Position>
<Axis>1 0 0</Axis>
</ConstraintGeometry>
</Coincident>
<Coincident name="Coïncidente6">
<ConstraintGeometry geomType="plane">
<InstancePath>
<Uid>Bati-1</Uid>
<Uid>motoreducteur-1</Uid>
</InstancePath>
<Position>0.052500000000000005 -0.015000000000000013 0</Position>
<Axis>2.2204460492503136e-16 -1 0</Axis>
</ConstraintGeometry>
<ConstraintGeometry geomType="plane">
<InstancePath>
<Uid>Moteur-1</Uid>
<Uid>indexeur-1</Uid>
</InstancePath>
<Position>0.058999999999999997 0.022499999999999999 0</Position>
<Axis>1 0 0</Axis>
</ConstraintGeometry>
</Coincident>
<Concentric name="Coaxiale3">
<ConstraintGeometry geomType="cylinder">
<InstancePath>
<Uid>rouleau galet-1</Uid>
</InstancePath>
<Position>0 0.01257472256473488 -0.00013414733414733593</Position>
<Axis>0 1 0</Axis>
</ConstraintGeometry>
<ConstraintGeometry geomType="cylinder">
<InstancePath>
<Uid>Moteur-1</Uid>
<Uid>axe galet-1</Uid>
</InstancePath>
<Position>-0.012574722564734882 0 0</Position>
<Axis>-1 0 0</Axis>
</ConstraintGeometry>
</Concentric>
<Coincident name="Coïncidente7">
<ConstraintGeometry geomType="plane">
<InstancePath>
<Uid>rouleau galet-1</Uid>
</InstancePath>
<Position>0 -0.010999999999999999 -0.0096341473341473444</Position>
<Axis>0 -1 0</Axis>
</ConstraintGeometry>
<ConstraintGeometry geomType="plane">
<InstancePath>
<Uid>Moteur-1</Uid>
<Uid>rondelle galet-1</Uid>
</InstancePath>
<Position>0.0019999999999999983 0.0070000000000000062 0</Position>
<Axis>1 0 0</Axis>
</ConstraintGeometry>
</Coincident>
<Tangent name="Tangent2">
<ConstraintGeometry geomType="plane">
<InstancePath>
<Uid>Croix_de_Malte-1</Uid>
<Uid>croix-1</Uid>
</InstancePath>
<Position>0.010999999999999998 0.032173358543987909 0.018738329701443509</Position>
<Axis>0 -0.70710678118654768 0.70710678118654735</Axis>
</ConstraintGeometry>
<ConstraintGeometry geomType="cylinder">
<InstancePath>
<Uid>rouleau galet-1</Uid>
</InstancePath>
<Position>0 0.01257472256473488 -0.00013414733414733593</Position>
<Axis>0 1 0</Axis>
</ConstraintGeometry>
</Tangent>
</Constraints>
</RootAssembly>
<Assemblies>
<Assembly name="Bati" uid="Bati" version="518">
<ModelUnits mass="kilogram" length="millimeter"/>
<AssemblyFile name="Bati.SLDASM" type="SolidWorks Assembly"/>
</Assembly>
<Assembly name="Croix_de_Malte" uid="Croix_de_Malte" version="504">
<ModelUnits mass="kilogram" length="millimeter"/>
<AssemblyFile name="Croix_de_Malte.SLDASM" type="SolidWorks Assembly"/>
</Assembly>
<Assembly name="6004" uid="6004" version="200">
<ModelUnits mass="kilogram" length="millimeter"/>
<AssemblyFile name="6004.SLDASM" type="SolidWorks Assembly"/>
</Assembly>
<Assembly name="Moteur" uid="Moteur" version="412">
<ModelUnits mass="kilogram" length="millimeter"/>
<AssemblyFile name="Moteur.SLDASM" type="SolidWorks Assembly"/>
</Assembly>
</Assemblies>
<Parts>
<Part name="BE 6004" uid="BE 6004*:*Défaut" version="108">
<ModelUnits mass="kilogram" length="millimeter"/>
<PartFile name="BE 6004.SLDPRT" type="SolidWorks Part"/>
<MassProperties>
<Mass>0.005062440714193206</Mass>
<CenterOfMass>-0.00099999999999999482 0.087499999999999981 0</CenterOfMass>
<Inertia>1.8772337333916647e-06 1.0046255872291055e-06 1.0046255872291051e-06 0 0 0</Inertia>
</MassProperties>
<GeometryFile name="BE 6004_Défaut_sldprt.STEP" type="STEP"/>
<VisualProperties>
<Ambient r="0.75294117647058822" g="0.75294117647058822" b="0.75294117647058822" a="1"/>
<Diffuse r="0.75294117647058822" g="0.75294117647058822" b="0.75294117647058822" a="1"/>
<Specular r="0.22588235294117645" g="0.22588235294117645" b="0.22588235294117645" a="1"/>
<Emissive r="0" g="0" b="0" a="1"/>
<Shininess>0.3125</Shininess>
</VisualProperties>
</Part>
<Part name="BI 6004" uid="BI 6004*:*Défaut" version="113">
<ModelUnits mass="kilogram" length="millimeter"/>
<PartFile name="BI 6004.SLDPRT" type="SolidWorks Part"/>
<MassProperties>
