<?xml version="1.0" encoding="UTF-8" standalone="no" ?>
<SimscapeMultibodyImportXML version="2.0" xmlns="urn:mathworks:SimscapeMultibody:import" xmlns:xsi="http://www.w3.org/2001/XMLSchema-instance">
<Created by="" on="10/30/19||09:15:56" using="Simscape Multibody Link Version 6.1" from="SolidWorks 25.5.0"/>
<ModelUnits mass="kilogram" length="millimeter"/>
<DataUnits mass="kilogram" length="meter"/>
<RootAssembly name="Barriere" uid="Barriere" version="254">
<AssemblyFile name="Barriere.SLDASM" type="SolidWorks Assembly"/>
<InstanceTree>
<Instance name="Bati-1" uid="Bati-1" entityUid="Bati" rigid="true">
<Transform>
<Rotation>1 0 0 0 1 0 0 0 1</Rotation>
<Translation>0 0 0</Translation>
</Transform>
<Instance name="3742-1" uid="3742-1" entityUid="3742*:*Défaut">
<Transform>
<Rotation>-0.99999999999999989 0 0 0 -1 -1.5371869983551316e-16 0 -1.5371869983551318e-16 0.99999999999999989</Rotation>
<Translation>0 0 0.043813683273583606</Translation>
</Transform>
</Instance>
<Instance name="eh_12-1" uid="eh_12-1" entityUid="eh_12*:*Défaut">
<Transform>
<Rotation>-0.2296986147028931 -0.97326180773909532 0 0.97326180773909521 -0.22969861470289307 -1.4094623345077238e-16 1.5959455978986625e-16 0 0.99999999999999989</Rotation>
<Translation>0.12499999999999996 0.22950000000000018 0.04981368327358366</Translation>
</Transform>
</Instance>
<Instance name="Moteur-1" uid="Moteur-1" entityUid="Moteur" rigid="true">
<Transform>
<Rotation>-0.22969861470289307 -0.97326180773909554 0 0.97326180773909554 -0.22969861470289307 -1.7867651802561118e-16 1.5723142105217741e-16 -1.1166449990200595e-16 1</Rotation>
<Translation>0.12599999999999656 0.22950000000000007 0.046813683273586565</Translation>
</Transform>
<Instance name="ehfr_6-1" uid="ehfr_6-1" entityUid="ehfr_6*:*Défaut">
<Transform>
<Rotation>0.18331185043339956 0.13841321861408673 0.97326180773909532 0.77671527607415569 0.58647414803776299 -0.22969861470289285 -0.6025862140837035 0.79805379179367919 9.9920072216264089e-16</Rotation>
<Translation>-0.17587757778752489 0.21038468501103968 0.13663945712062966</Translation>
</Transform>
</Instance>
<Instance name="MOTEUR_014-1" uid="MOTEUR_014-1" entityUid="MOTEUR_014*:*Défaut">
<Transform>
<Rotation>-0.16242144808557182 0.97326180773909532 -0.1624214480855718 -0.68820002412219405 -0.22969861470289321 -0.68820002412219039 -0.7071067811865458 5.7431027688206613e-16 0.70710678118654935</Rotation>
<Translation>-0.19442155942355888 0.17534681984943681 0.17499999999999707</Translation>
</Transform>
</Instance>
<Instance name="ehfr_6-2" uid="ehfr_6-2" entityUid="ehfr_6*:*Défaut">
<Transform>
<Rotation>0.18331185043339956 0.13841321861408673 0.97326180773909532 0.77671527607415569 0.58647414803776299 -0.22969861470289285 -0.6025862140837035 0.79805379179367919 9.9920072216264089e-16</Rotation>
<Translation>-0.17587757778752552 0.21038468501103691 0.21336054287936704</Translation>
</Transform>
</Instance>
<Instance name="ehfr_6-3" uid="ehfr_6-3" entityUid="ehfr_6*:*Défaut">
<Transform>
<Rotation>0.0095399406555168285 0.22950042075934701 0.97326180773909554 0.0404219237461243 0.972422035170036 -0.22969861470289302 -0.99913715655707236 0.041532425730364829 1.2733329561700347e-15</Rotation>
<Translation>-0.19350030490480946 0.13571498239378185 0.21336054287937053</Translation>
</Transform>
</Instance>
<Instance name="vchc_6_30-1" uid="vchc_6_30-1" entityUid="vchc_6_30*:*Défaut">
<Transform>
<Rotation>-0.17809497512856867 -0.1450642389784001 -0.97326180773909554 -0.75461072182381317 -0.61465535457857667 0.22969861470289249 -0.63154163626992799 0.77534196433412661 5.3244654397365886e-16</Rotation>
<Translation>-0.18950324309587221 0.2136004656168802 0.13663945712062966</Translation>
</Transform>
</Instance>
<Instance name="vchc_6_30-2" uid="vchc_6_30-2" entityUid="vchc_6_30*:*Défaut">
<Transform>
<Rotation>-0.21779803245538279 -0.072975822400242585 -0.97326180773909543 -0.92283754982034238 -0.30920770211163762 0.22969861470289218 -0.31770249243616427 0.94819044832768107 4.5796699765787707e-16</Rotation>
<Translation>-0.20712597021315676 0.13893076299962223 0.13663945712062986</Translation>
</Transform>
</Instance>
<Instance name="vchc_6_30-3" uid="vchc_6_30-3" entityUid="vchc_6_30*:*Défaut">
<Transform>
<Rotation>-0.21779803245538293 -0.072975822400242696 -0.97326180773909543 -0.92283754982034238 -0.30920770211163762 0.22969861470289235 -0.31770249243616427 0.94819044832768107 4.0245584642661925e-16</Rotation>
<Translation>-0.20712597021315671 0.13893076299962234 0.21336054287937053</Translation>
</Transform>
</Instance>
<Instance name="vchc_6_30-4" uid="vchc_6_30-4" entityUid="vchc_6_30*:*Défaut">
<Transform>
<Rotation>-0.21779803245538293 -0.072975822400242696 -0.97326180773909543 -0.92283754982034238 -0.30920770211163762 0.22969861470289235 -0.31770249243616427 0.94819044832768107 4.0245584642661925e-16</Rotation>
<Translation>-0.18950324309587285 0.21360046561687743 0.21336054287936704</Translation>
</Transform>
</Instance>
<Instance name="ehfr_6-4" uid="ehfr_6-4" entityUid="ehfr_6*:*Défaut">
<Transform>
<Rotation>0.0095399406555166846 0.22950042075934671 0.97326180773909543 0.040421923746123987 0.97242203517003589 -0.22969861470289268 -0.99913715655707236 0.041532425730364496 1.2177758801357186e-15</Rotation>
<Translation>-0.19350030490480938 0.13571498239378171 0.13663945712062986</Translation>
</Transform>
</Instance>
</Instance>
<Instance name="Roulement_2-1" uid="Roulement_2-1" entityUid="Roulement_2" rigid="true">
<Transform>
<Rotation>-0.22969861470289291 -0.97326180773909565 -3.6082248300317588e-16 0.97326180773909543 -0.22969861470289293 -2.1648062466269206e-16 1.3010426069826053e-16 -4.0245584642661925e-16 1</Rotation>
<Translation>0.12481984509590155 0.23000190937854115 0.049813683273583688</Translation>
</Transform>
<Instance name="ehfr_14-2" uid="ehfr_14-2" entityUid="ehfr_14*:*Défaut">
<Transform>
<Rotation>0.22969861470289232 -0.97326180773909554 0 0.97326180773909554 0.22969861470289232 -2.7156708907899289e-16 2.7656810298046019e-16 0 1</Rotation>
<Translation>0.064223317737885782 0.17852133054270738 0.021000000000000053</Translation>
</Transform>
</Instance>
<Instance name="rond_m_14-2" uid="rond_m_14-2" entityUid="rond_m_14*:*Défaut">
<Transform>
<Rotation>0.22969861470289232 -0.97326180773909554 0 0.97326180773909554 0.22969861470289232 -2.7156708907899289e-16 2.7656810298046019e-16 0 1</Rotation>
<Translation>0.064223317737885782 0.17852133054270738 0.019000000000000052</Translation>
</Transform>
</Instance>
<Instance name="VIS_TF2E_001-2" uid="VIS_TF2E_001-2" entityUid="VIS_TF2E_001*:*Défaut">
<Transform>
<Rotation>0.96817478925511447 3.3016353610686561e-16 -0.25027500364761701 -0.25027500364761701 -2.1638747774987673e-16 -0.96817478925511469 -3.7120360351040592e-16 1 -1.2593665020972887e-16</Rotation>
<Translation>0.064223317737885782 0.17852133054270738 -0.0059999999999999568</Translation>
</Transform>
</Instance>
<Instance name="ehfr_14-1" uid="ehfr_14-1" entityUid="ehfr_14*:*Défaut">
<Transform>
<Rotation>0.22969861470289232 -0.97326180773909554 0 0.97326180773909554 0.22969861470289232 -2.7156708907899289e-16 2.7656810298046019e-16 0 1</Rotation>
<Translation>0.035051593670618469 0.054917080959842213 0.021000000000000012</Translation>
</Transform>
</Instance>
<Instance name="roul_010-1" uid="roul_010-1" entityUid="roul_010*:*Défaut">
<Transform>
<Rotation>-0.22969861470289291 0.97326180773909543 1.3010426069826053e-16 -0.97326180773909565 -0.22969861470289293 -4.0245584642661925e-16 -3.6082248300317588e-16 -2.1648062466269206e-16 1</Rotation>
<Translation>0.049637455704252209 0.11671920575127499 0</Translation>
</Transform>
</Instance>
<Instance name="rond_m_14-1" uid="rond_m_14-1" entityUid="rond_m_14*:*Défaut">
<Transform>
<Rotation>0.22969861470289232 -0.97326180773909554 0 0.97326180773909554 0.22969861470289232 -2.7156708907899289e-16 2.7656810298046019e-16 0 1</Rotation>
<Translation>0.035051593670618469 0.054917080959842213 0.01900000000000001</Translation>
</Transform>
</Instance>
<Instance name="VIS_TF2E_001-1" uid="VIS_TF2E_001-1" entityUid="VIS_TF2E_001*:*Défaut">
<Transform>
<Rotation>0.97326180773909554 1.4570246322640001e-16 -0.22969861470289257 -0.2296986147028926 0 -0.97326180773909576 -1.3826333631434084e-16 1 0</Rotation>
<Translation>0.035051593670618469 0.05491708095984224 -0.0059999999999998527</Translation>
</Transform>
</Instance>
</Instance>
<Instance name="eh_12-2" uid="eh_12-2" entityUid="eh_12*:*Défaut">
<Transform>
<Rotation>-0.2296986147028931 -0.97326180773909532 0 0.97326180773909521 -0.22969861470289307 -1.4094623345077238e-16 1.5959455978986625e-16 0 0.99999999999999989</Rotation>
<Translation>0.12499999999999994 0.02100000000000005 0.049813683273583688</Translation>
</Transform>
</Instance>
<Instance name="eh_12-3" uid="eh_12-3" entityUid="eh_12*:*Défaut">
<Transform>
<Rotation>-0.2296986147028931 -0.97326180773909532 0 0.97326180773909521 -0.22969861470289307 -1.4094623345077238e-16 1.5959455978986625e-16 0 0.99999999999999989</Rotation>
<Translation>-0.125 0.22950000000000018 0.049813683273583653</Translation>
</Transform>
</Instance>
<Instance name="eh_12-4" uid="eh_12-4" entityUid="eh_12*:*Défaut">
<Transform>
<Rotation>-0.2296986147028931 -0.97326180773909532 0 0.97326180773909521 -0.22969861470289307 0 0 0 0.99999999999999989</Rotation>
<Translation>-0.12500000000000006 0.021000000000000046 0.049813683273583702</Translation>
</Transform>
</Instance>
<Instance name="Roulement_1-1" uid="Roulement_1-1" entityUid="Roulement_1" rigid="true">
<Transform>
<Rotation>-0.22969861470289335 -0.97326180773909532 -7.2147573596873383e-16 0.97326180773909532 -0.22969861470289335 0 0 -7.2164496600635155e-16 1</Rotation>
<Translation>0.12500000000000017 0.22950000000000018 0.049813683273583896</Translation>
</Transform>
<Instance name="rond_m_10-2" uid="rond_m_10-2" entityUid="rond_m_10*:*Défaut">
<Transform>
<Rotation>-0.22615156212964269 0.040211000270449472 0.97326180773909554 -0.95823250160221773 0.1703790458851322 -0.22969861470289249 -0.17505982925696581 -0.98455779727780435 -4.6272730947536235e-16</Rotation>
<Translation>-0.23339343399959661 0.12340990627123889 0.043000000000000031</Translation>
</Transform>
</Instance>
<Instance name="vh_10_45 8-8-1" uid="vh_10_45 8-8-1" entityUid="vh_10_45 8-8*:*Défaut">
<Transform>
<Rotation>-0.014831145646145396 -0.22921930702986296 -0.97326180773909554 -0.062841422187412538 -0.97123092107955233 0.22969861470289255 -0.99791331926990845 0.064567849768393276 8.1271794849513412e-16</Rotation>
<Translation>-0.20593473899471468 0.23714371860789135 0.043000000000000059</Translation>
</Transform>
</Instance>
<Instance name="ENTRETOISE_023-2" uid="ENTRETOISE_023-2" entityUid="ENTRETOISE_023*:*Défaut">
<Transform>
<Rotation>0.22413541876061049 0.050247066117670776 0.97326180773909554 0.94968984955991709 0.21290311422436875 -0.22969861470289257 -0.21875215130340606 0.97578045496931931 -9.8559083709379358e-16</Rotation>
<Translation>-0.23144691038411835 0.12295050904183311 0.043000000000000031</Translation>
</Transform>
</Instance>
<Instance name="roul_009-1" uid="roul_009-1" entityUid="roul_009*:*Défaut">
<Transform>
<Rotation>-0.22969861470289232 -2.5040893128411642e-16 -0.97326180773909554 -0.97326180773909554 -5.2432127613547808e-15 0.22969861470289249 -4.9173628132355897e-15 1 8.7169854667834507e-16</Rotation>
<Translation>-0.20438387611565184 0.17667054418872968 0.043000000000000045</Translation>
</Transform>
</Instance>
<Instance name="vh_10_45 8-8-2" uid="vh_10_45 8-8-2" entityUid="vh_10_45 8-8*:*Défaut">
<Transform>
<Rotation>-0.014831145646145384 -0.22921930702986282 -0.97326180773909554 -0.062841422187412344 -0.97123092107955233 0.22969861470289216 -0.99791331926990834 0.064567849768393096 1.0674354041196372e-15</Rotation>
<Translation>-0.2328094769149531 0.12327208710241713 0.043000000000000031</Translation>
</Transform>
</Instance>
<Instance name="ENTRETOISE_023-1" uid="ENTRETOISE_023-1" entityUid="ENTRETOISE_023*:*Défaut">
<Transform>
<Rotation>-0.22969861470289218 -4.4574202235607928e-16 0.97326180773909554 -0.97326180773909554 5.8319912209449754e-16 -0.22969861470289249 -4.0245584642661925e-16 -1 -5.0431664053163199e-16</Rotation>
<Translation>-0.20457217246387993 0.23682214054730727 0.043000000000000059</Translation>
</Transform>
</Instance>
<Instance name="ehfr_10-2" uid="ehfr_10-2" entityUid="ehfr_10*:*Défaut">
<Transform>
<Rotation>0.014831145646144956 0.22921930702986304 0.97326180773909554 0.062841422187413509 0.97123092107955233 -0.22969861470289257 -0.99791331926990845 0.064567849768393734 2.4112656316077643e-16</Rotation>
<Translation>-0.20224905615194552 0.11605955060074633 0.043000000000000031</Translation>
</Transform>
</Instance>
<Instance name="ehfr_10-1" uid="ehfr_10-1" entityUid="ehfr_10*:*Défaut">
<Transform>
<Rotation>-0.22538379846983525 -0.044312492411693258 0.97326180773909554 -0.95497939078817617 -0.18775758193323716 -0.22969861470289227 0.19291580173006231 -0.98121531451707744 -1.2056328158038795e-16</Rotation>
<Translation>-0.1753743182317071 0.22993118210622052 0.043000000000000059</Translation>
</Transform>
</Instance>
<Instance name="rond_m_10-1" uid="rond_m_10-1" entityUid="rond_m_10*:*Défaut">
<Transform>
<Rotation>-0.046313604489228867 -0.22498111839806254 0.97326180773909554 -0.19623654451031158 -0.9532731848752618 -0.22969861470289249 0.97946223441124458 -0.20162770484765269 -6.5696786004699648e-16</Rotation>
<Translation>-0.20651869607935813 0.23728153777671307 0.043000000000000059</Translation>
</Transform>
</Instance>
</Instance>
<Instance name="entretoise base-1" uid="entretoise base-1" entityUid="entretoise base*:*Défaut">
<Transform>
<Rotation>0.92372802134706811 0.38304900806323777 2.5325771235843897e-16 0.38304900806323772 -0.92372802134706822 1.500912343489646e-16 2.9143354396410359e-16 0 -1</Rotation>
<Translation>-0.125 0.22950000000000001 0.04381368327358378</Translation>
</Transform>
</Instance>
<Instance name="entretoise base-4" uid="entretoise base-4" entityUid="entretoise base*:*Défaut">
<Transform>
<Rotation>0.92372802134706811 0.38304900806323777 2.5325771235843897e-16 0.38304900806323772 -0.92372802134706822 1.500912343489646e-16 2.9143354396410359e-16 0 -1</Rotation>
<Translation>0.12499999999999999 0.021000000000000043 0.043813683273583724</Translation>
</Transform>
</Instance>
<Instance name="support moteur-1" uid="support moteur-1" entityUid="support moteur*:*Défaut">
<Transform>
<Rotation>0.99999999999999989 0 0 0 0 -0.99999999999999989 0 1 0</Rotation>
<Translation>0 0 0</Translation>
</Transform>
<VisualProperties>
<Ambient r="0" g="1" b="1" a="1"/>
<Diffuse r="0" g="1" b="1" a="1"/>
<Specular r="0" g="0.5" b="0.5" a="1"/>
<Emissive r="0" g="0" b="0" a="1"/>
<Shininess>0.40000000596046448</Shininess>
</VisualProperties>
</Instance>
<Instance name="pied-1" uid="pied-1" entityUid="pied" rigid="true">
<Transform>
<Rotation>-1 5.3248106696650159e-16 0 -5.3248106696650159e-16 -1 0 0 0 1</Rotation>
<Translation>0 0 0.043813683273583877</Translation>
</Transform>
<Instance name="plateau superieur-1" uid="plateau superieur-1" grounded="true" entityUid="plateau superieur*:*Défaut">
<Transform>
<Rotation>5.5241907691757263e-16 0 -1 1 0 5.5241907691757263e-16 0 -1 0</Rotation>
<Translation>-0.16000000000000039 -0.28799999999999987 -0.010000000000000002</Translation>
</Transform>
</Instance>
<Instance name="base pied-1" uid="base pied-1" grounded="true" entityUid="base pied*:*Défaut">
<Transform>
<Rotation>1 -1.6431300764452317e-14 -1.6431300764452317e-14 -1.6431300764452317e-14 0 -1 1.6431300764452317e-14 1 0</Rotation>
<Translation>-0.12500000000000189 -0.20050000000000304 -0.91299999999999248</Translation>
</Transform>
</Instance>
<Instance name="socle-1" uid="socle-1" grounded="true" entityUid="socle*:*Défaut">
<Transform>
<Rotation>1 0 0 0 0 -1 0 1 0</Rotation>
<Translation>-0.47499999999997805 -0.30050000000000499 -0.92099999999999249</Translation>
</Transform>
</Instance>
<Instance name="renfort pied-1" uid="renfort pied-1" entityUid="renfort pied*:*Défaut">
<Transform>
<Rotation>0 -1 -1.6431300764452317e-14 0 1.6431300764452317e-14 -1 1 0 0</Rotation>
<Translation>-0.12500000000000028 -0.12250000000000316 -0.91299999999999248</Translation>
</Transform>
</Instance>
</Instance>
<Instance name="Assemblage pupitre-1" uid="Assemblage pupitre-1" entityUid="Assemblage pupitre" rigid="true">
<Transform>
<Rotation>1 -1.5898819697485817e-14 -1.5898819697485817e-14 -1.5898819697485817e-14 0 -1 1.5898819697485817e-14 1 0</Rotation>
<Translation>-0.10699999999999354 0.05050000000000799 -0.42918631672640489</Translation>
</Transform>
<Instance name="C60-1" uid="C60-1" entityUid="C60*:*Défaut">
<Transform>
<Rotation>1 0 0 0 0 -1 0 1 0</Rotation>
<Translation>0.13649999999999998 0.25600000000000001 -0.050000000000000003</Translation>
</Transform>
</Instance>
<Instance name="douille_4mm_rouge-1" uid="douille_4mm_rouge-1" entityUid="douille_4mm_rouge*:*Défaut">
<Transform>
<Rotation>-0.92372802134706822 0 -0.38304900806323788 -0.38304900806323777 0 0.92372802134706822 0 1 0</Rotation>
<Translation>0.12200000000000001 0.088999999999999968 0.0035000000000000031</Translation>
</Transform>
</Instance>
<Instance name="douille_4mm_rouge-5" uid="douille_4mm_rouge-5" entityUid="douille_4mm_rouge*:*Défaut">
<Transform>
<Rotation>-0.92372802134706822 0 -0.38304900806323788 -0.38304900806323777 0 0.92372802134706822 0 1 0</Rotation>
<Translation>0.182 0.070000000000000007 0.0035000000000000031</Translation>
</Transform>
</Instance>
<Instance name="atv-1" uid="atv-1" grounded="true" entityUid="atv*:*Défaut">
<Transform>
<Rotation>1 0 0 0 1 0 0 0 1</Rotation>
<Translation>0.10249999999999997 0.11049999999999993 0.010500000000000002</Translation>
</Transform>
</Instance>
<Instance name="douille_4mm_rouge-4" uid="douille_4mm_rouge-4" entityUid="douille_4mm_rouge*:*Défaut">
<Transform>
<Rotation>-0.92372802134706822 0 -0.38304900806323788 -0.38304900806323777 0 0.92372802134706822 0 1 0</Rotation>
<Translation>0.152 0.088999999999999968 0.0035000000000000031</Translation>
</Transform>
</Instance>
<Instance name="douille_4mm_rouge-2" uid="douille_4mm_rouge-2" entityUid="douille_4mm_rouge*:*Défaut">
<Transform>
<Rotation>-0.92372802134706822 0 -0.38304900806323788 -0.38304900806323777 0 0.92372802134706822 0 1 0</Rotation>
<Translation>0.182 0.089000000000000024 0.0035000000000000031</Translation>
</Transform>
</Instance>
<Instance name="douille_4mm_rouge-3" uid="douille_4mm_rouge-3" entityUid="douille_4mm_rouge*:*Défaut">
<Transform>
<Rotation>-0.92372802134706822 0 -0.38304900806323788 -0.38304900806323777 0 0.92372802134706822 0 1 0</Rotation>
<Translation>0.12200000000000003 0.069999999999999951 0.0035000000000000031</Translation>
</Transform>
</Instance>
<Instance name="bouton_tournant_clé-1" uid="bouton_tournant_clé-1" entityUid="bouton_tournant_clé" rigid="true">
<Transform>
<Rotation>1 0 0 0 0 -1 0 1 0</Rotation>
<Translation>0.022000000000000006 0.094999999999999973 -0.013500000000000012</Translation>
</Transform>
<Instance name="embase_BT_clé-2" uid="embase_BT_clé-2" entityUid="embase_BT_clé*:*Défaut">
<Transform>
<Rotation>1 0 0 0 1 0 0 0 1</Rotation>
<Translation>0.014999999999999999 0.014999999999999999 -0.020000000000000018</Translation>
</Transform>
</Instance>
<Instance name="clé-1" uid="clé-1" entityUid="clé*:*Défaut">
<Transform>
<Rotation>0.53150624135372992 0.0075009594151668095 -0.84702116325973975 -0.0023857363368424769 0.9999700808257721 0.007358377228040721 0.84705101597493038 -0.0018902542556754574 0.53150823443732942</Rotation>
<Translation>0.012483450518527395 0.035014814777980761 -0.021990742270930674</Translation>
</Transform>
</Instance>
<Instance name="embase_BP_2_contacts-1" uid="embase_BP_2_contacts-1" grounded="true" entityUid="embase_BP_2_contacts*:*Défaut">
<Transform>
<Rotation>1 0 0 0 1 0 0 0 1</Rotation>
<Translation>0 0 0</Translation>
</Transform>
</Instance>
<Instance name="corps_BT_clé-1" uid="corps_BT_clé-1" entityUid="corps_BT_clé*:*Défaut">
<Transform>
<Rotation>1 0 0 0 1 0 0 0 1</Rotation>
<Translation>0.014999999999999999 0.024000000000000007 -0.020000000000000018</Translation>
</Transform>
</Instance>
</Instance>
<Instance name="tole mesures-1" uid="tole mesures-1" grounded="true" entityUid="tole mesures*:*Défaut">
<Transform>
<Rotation>1 0 0 0 1 0 0 0 1</Rotation>
<Translation>-0.0080000000000000071 0 0</Translation>
</Transform>
<VisualProperties>
<Ambient r="0.75294117647058822" g="0.75294117647058822" b="0.75294117647058822" a="1"/>
<Diffuse r="0.75294117647058822" g="0.75294117647058822" b="0.75294117647058822" a="1"/>
<Specular r="0.22588235294117645" g="0.22588235294117645" b="0.22588235294117645" a="1"/>
<Emissive r="0" g="0" b="0" a="1"/>
<Shininess>0.3125</Shininess>
</VisualProperties>
</Instance>
<Instance name="voyant_vert-1" uid="voyant_vert-1" entityUid="voyant_vert" rigid="true">
<Transform>
<Rotation>1 0 0 0 1 0 0 0 1</Rotation>
<Translation>0.037000000000000005 0.30500000000000005 -0.02049999999999999</Translation>
</Transform>
<Instance name="tête_voyant_vert-1" uid="tête_voyant_vert-1" entityUid="tête_voyant_vert*:*Défaut">
<Transform>
<Rotation>1 0 0 0 1 0 0 0 1</Rotation>
<Translation>0 0 0.021999999999999992</Translation>
</Transform>
</Instance>
<Instance name="corps_voyant_24V-1" uid="corps_voyant_24V-1" grounded="true" entityUid="corps_voyant_24V*:*Défaut">
<Transform>
<Rotation>1 0 0 0 1 0 0 0 1</Rotation>
<Translation>0 0 0</Translation>
</Transform>
</Instance>
</Instance>
<Instance name="douille_4mm_rouge-6" uid="douille_4mm_rouge-6" entityUid="douille_4mm_rouge*:*Défaut">
<Transform>
<Rotation>-0.92372802134706822 0 -0.38304900806323788 -0.38304900806323777 0 0.92372802134706822 0 1 0</Rotation>
<Translation>0.152 0.069999999999999951 0.0035000000000000031</Translation>
</Transform>
</Instance>
<Instance name="inter_sectionneur-1" uid="inter_sectionneur-1" entityUid="inter_sectionneur" rigid="true">
<Transform>
<Rotation>1 0 0 0 1 0 0 0 1</Rotation>
<Translation>0.036999999999999991 0.23999999999999999 0.0015000000000000013</Translation>
</Transform>
<Instance name="inter_sectionneur_vario_4-1" uid="inter_sectionneur_vario_4-1" entityUid="inter_sectionneur_vario_4*:*Défaut">
<Transform>
<Rotation>1 0 0 0 1 0 0 0 1</Rotation>
<Translation>-0.0019999999999999879 -0.017999999999999988 0.024999999999999998</Translation>
</Transform>
</Instance>
<Instance name="inter_sectionneur_vario_1-1" uid="inter_sectionneur_vario_1-1" entityUid="inter_sectionneur_vario_1*:*Défaut">
<Transform>
<Rotation>1 0 0 0 1 0 0 0 1</Rotation>
<Translation>0 0 0</Translation>
</Transform>
</Instance>
<Instance name="inter_sectionneur_vario_2-1" uid="inter_sectionneur_vario_2-1" grounded="true" entityUid="inter_sectionneur_vario_2*:*Défaut">
<Transform>
<Rotation>1 0 0 0 1 0 0 0 1</Rotation>
<Translation>0 0 0</Translation>
</Transform>
</Instance>
<Instance name="inter_sectionneur_vario_3-1" uid="inter_sectionneur_vario_3-1" entityUid="inter_sectionneur_vario_3*:*Défaut">
<Transform>
<Rotation>1 0 0 0 1 0 0 0 1</Rotation>
<Translation>0 0 -0.00050000000000000044</Translation>
</Transform>
</Instance>
</Instance>
<Instance name="cavalier_douille_4mm-1" uid="cavalier_douille_4mm-1" entityUid="cavalier_douille_4mm*:*Défaut">
<Transform>
<Rotation>1 0 0 0 1 0 0 0 1</Rotation>
<Translation>0.12200000000000001 0.070000000000000007 -0.0084999999999999937</Translation>
</Transform>
<VisualProperties>
<Ambient r="0.75294117647058822" g="0.75294117647058822" b="0.75294117647058822" a="1"/>
<Diffuse r="0.75294117647058822" g="0.75294117647058822" b="0.75294117647058822" a="1"/>
<Specular r="0.22588235294117645" g="0.22588235294117645" b="0.22588235294117645" a="1"/>
<Emissive r="0" g="0" b="0" a="1"/>
<Shininess>0.3125</Shininess>
</VisualProperties>
</Instance>
<Instance name="cavalier_douille_4mm-2" uid="cavalier_douille_4mm-2" entityUid="cavalier_douille_4mm*:*Défaut">
<Transform>
<Rotation>1 0 0 0 1 0 0 0 1</Rotation>
<Translation>0.182 0.070000000000000007 -0.0085000000000000006</Translation>
</Transform>
<VisualProperties>
<Ambient r="0.75294117647058822" g="0.75294117647058822" b="0.75294117647058822" a="1"/>
<Diffuse r="0.75294117647058822" g="0.75294117647058822" b="0.75294117647058822" a="1"/>
<Specular r="0.22588235294117645" g="0.22588235294117645" b="0.22588235294117645" a="1"/>
<Emissive r="0" g="0" b="0" a="1"/>
<Shininess>0.3125</Shininess>
</VisualProperties>
</Instance>
<Instance name="BP_noir-2" uid="BP_noir-2" entityUid="BP_noir" rigid="true">
<Transform>
<Rotation>1 0 0 0 0 -1 0 1 0</Rotation>
<Translation>0.022000000000000006 0.044999999999999929 -0.020500000000000018</Translation>
</Transform>
<Instance name="embase_BP_2_contacts-1" uid="embase_BP_2_contacts-1" grounded="true" entityUid="embase_BP_2_contacts*:*Défaut">
<Transform>
<Rotation>1 0 0 0 1 0 0 0 1</Rotation>
<Translation>0 0 0</Translation>
</Transform>
</Instance>
<Instance name="corps_BP-3" uid="corps_BP-3" entityUid="corps_BP*:*Défaut">
<Transform>
<Rotation>1 0 0 0 0 1 0 -1 0</Rotation>
<Translation>0.014999999999999999 0.0080000000000000071 -0.020000000000000018</Translation>
</Transform>
</Instance>
<Instance name="tête_BP_noir-1" uid="tête_BP_noir-1" entityUid="tête_BP_noir*:*Défaut">
<Transform>
<Rotation>1 0 0 0 0 1 0 -1 0</Rotation>
<Translation>0.014999999999999986 0.026000000000000023 -0.020000000000000018</Translation>
</Transform>
</Instance>
</Instance>
<Instance name="cavalier_douille_4mm-3" uid="cavalier_douille_4mm-3" entityUid="cavalier_douille_4mm*:*Défaut">
<Transform>
<Rotation>1 0 0 0 1 0 0 0 1</Rotation>
<Translation>0.15200000000000002 0.070000000000000007 -0.0085000000000000006</Translation>
</Transform>
<VisualProperties>
<Ambient r="0.75294117647058822" g="0.75294117647058822" b="0.75294117647058822" a="1"/>
<Diffuse r="0.75294117647058822" g="0.75294117647058822" b="0.75294117647058822" a="1"/>
<Specular r="0.22588235294117645" g="0.22588235294117645" b="0.22588235294117645" a="1"/>
<Emissive r="0" g="0" b="0" a="1"/>
<Shininess>0.3125</Shininess>
</VisualProperties>
</Instance>
<Instance name="BP_noir-1" uid="BP_noir-1" entityUid="BP_noir" rigid="true">
<Transform>
<Rotation>1 0 0 0 0 -1 0 1 0</Rotation>
<Translation>0.022000000000000006 0.14500000000000002 -0.020500000000000018</Translation>
</Transform>
<Instance name="embase_BP_2_contacts-1" uid="embase_BP_2_contacts-1" grounded="true" entityUid="embase_BP_2_contacts*:*Défaut">
<Transform>
<Rotation>1 0 0 0 1 0 0 0 1</Rotation>
<Translation>0 0 0</Translation>
</Transform>
</Instance>
<Instance name="corps_BP-3" uid="corps_BP-3" entityUid="corps_BP*:*Défaut">
<Transform>
<Rotation>1 0 0 0 0 1 0 -1 0</Rotation>
<Translation>0.014999999999999999 0.0080000000000000071 -0.020000000000000018</Translation>
</Transform>
</Instance>
<Instance name="tête_BP_noir-1" uid="tête_BP_noir-1" entityUid="tête_BP_noir*:*Défaut">
<Transform>
<Rotation>1 0 0 0 0 1 0 -1 0</Rotation>
<Translation>0.014999999999999986 0.026000000000000023 -0.020000000000000018</Translation>
</Transform>
</Instance>
</Instance>
</Instance>
<Instance name="entretoise base-3" uid="entretoise base-3" entityUid="entretoise base*:*Défaut">
<Transform>
<Rotation>0.92372802134706822 0.38304900806323772 0 0.38304900806323772 -0.92372802134706822 1.5652527547961472e-16 0 -1.4224732503009818e-16 -1</Rotation>
<Translation>-0.12499999999999994 0.02100000000000006 0.043813683273583745</Translation>
</Transform>
</Instance>
<Instance name="capot-1" uid="capot-1" entityUid="capot*:*Défaut">
<Transform>
<Rotation>1 0 0 0 0 -1 0 1 0</Rotation>
<Translation>-0.16350000000000017 -0.1105000000000001 0.024813683273583735</Translation>
</Transform>
</Instance>
<Instance name="entretoise base-5" uid="entretoise base-5" entityUid="entretoise base*:*Défaut">
<Transform>
<Rotation>0.92372802134706788 0.38304900806323822 0 0.38304900806323816 -0.92372802134706788 1.6227580761183768e-16 0 -1.5265566588595898e-16 -0.99999999999999978</Rotation>
<Translation>0.12499999999999999 0.22950000000000015 0.043813683273583703</Translation>
</Transform>
</Instance>
<Instance name="GOUPILLE FENDUE D3 semi-pliee-1" uid="GOUPILLE FENDUE D3 semi-pliee-1" entityUid="GOUPILLE FENDUE D3 semi-pliee*:*Défaut">
<Transform>
<Rotation>-0.51017245423969448 -0.86007212891422458 -2.041157594443039e-14 6.10622663543836e-16 2.3370194668359539e-14 -0.99999999999999978 0.86007212891422469 -0.51017245423969448 -1.1397650035818988e-14</Rotation>
<Translation>-0.019676852192050488 0.21800190937854053 0.074518455957854737</Translation>
</Transform>
</Instance>
<Instance name="3712-1" uid="3712-1" entityUid="3712*:*Défaut">
<Transform>
<Rotation>-2.8389521539572992e-16 -0.51017245423969459 0.8600721289142248 1 5.8239338854600754e-16 6.7554366689769046e-16 -8.4554409203961129e-16 0.8600721289142248 0.51017245423969459</Rotation>
<Translation>0 0.056240107518936447 0.092813683273583747</Translation>
</Transform>
</Instance>
</Instance>
<Instance name="Manivelle-1" uid="Manivelle-1" entityUid="Manivelle" rigid="true">
<Transform>
<Rotation>0.59224889185687901 1.8348115365567251e-15 -0.80575508071268076 -7.9781916736577824e-16 -1 -2.8635488742937734e-15 -0.80575508071268076 2.3387804951734374e-15 -0.59224889185687901</Rotation>
<Translation>2.374489493917051e-14 -0.034999999999999656 0.20181368327358368</Translation>
</Transform>
<Instance name="ehfr_10-1" uid="ehfr_10-1" entityUid="ehfr_10*:*Défaut">
<Transform>
<Rotation>0.9969239103324008 -0.078375487287514353 2.783334873354594e-15 0.078375487287514367 0.99692391033240069 0 -2.7755575615628921e-15 2.081668171172169e-16 0.99999999999999989</Rotation>
<Translation>-0.015999999999999903 -0.009999999999999995 0.015000000000002414</Translation>
</Transform>
</Instance>
<Instance name="4074-1" uid="4074-1" entityUid="4074*:*Défaut">
<Transform>
<Rotation>0.99981199586314806 0.019390021355032871 -8.2914249738662002e-16 8.0519415302205396e-16 1.2428931229643772e-15 1 0.019390021355032871 -0.99981199586314773 1.2270467220935504e-15</Rotation>
<Translation>0.079008796978564513 0 -0.0055000000000002963</Translation>
</Transform>
</Instance>
<Instance name="3775-1" uid="3775-1" entityUid="3775*:*Défaut">
<Transform>
<Rotation>5.1070259132757209e-15 0 1 0 -1 0 1 0 -5.1070259132757209e-15</Rotation>
<Translation>0 -0.010000000000000002 0</Translation>
</Transform>
</Instance>
<Instance name="vh_10_40 8-8-1" uid="vh_10_40 8-8-1" entityUid="vh_10_40 8-8*:*Défaut">
<Transform>
<Rotation>0.19927132557357721 -0.97994435495294796 -4.0613586417261709e-15 -0.97994435495294796 -0.19927132557357724 1.9377467816045628e-16 -9.9920072216264069e-16 3.9412917374193065e-15 -0.99999999999999989</Rotation>
<Translation>-0.016000000000000014 -0.010000000000000005 -0.014999999999997557</Translation>
</Transform>
</Instance>
<Instance name="ehfr_6-1" uid="ehfr_6-1" entityUid="ehfr_6*:*Défaut">
<Transform>
<Rotation>0.52552054083937294 0.85078091254793264 0 -4.5425136025659484e-16 3.8301633075155738e-16 1 0.85078091254793264 -0.52552054083937294 5.8775133609211609e-16</Rotation>
<Translation>0.079008796978564347 0.028500875123966735 -0.0055000000000002131</Translation>
</Transform>
</Instance>
<Instance name="rond_m_6-1" uid="rond_m_6-1" entityUid="rond_m_6*:*Défaut">
<Transform>
<Rotation>0.84283934049084897 0.5381652591174485 -1.6098233857064766e-15 1.4081736019675653e-15 6.1286183301302359e-16 1 0.53816525911744872 -0.84283934049084897 0</Rotation>
<Translation>0.079008796978564388 0.025000000000000064 -0.0055000000000001853</Translation>
</Transform>
</Instance>
</Instance>
<Instance name="Roue-1" uid="Roue-1" entityUid="Roue*:*Défaut">
<Transform>
<Rotation>0.25620009223067569 0.96662377000619726 3.9873505361428634e-16 -2.0049657729453844e-15 9.4391168298746918e-16 -1 -0.96662377000619726 0.25620009223067569 2.1798778344168597e-15</Rotation>
<Translation>0.051224525401426912 -0.044999999999999769 0.14140931259232767</Translation>
</Transform>
</Instance>
<Instance name="Masse_mobile-1" uid="Masse_mobile-1" entityUid="Masse_mobile" rigid="true">
<Transform>
<Rotation>1 1.1541333286225089e-15 0 1.1541333286225087e-15 -1 -1.0599673371689283e-15 0 1.0599673371689283e-15 -1</Rotation>
<Translation>-0.30070228863375081 0.35709999999999964 0.092813683273583525</Translation>
</Transform>
<Instance name="bride-1" uid="bride-1" entityUid="bride*:*Défaut">
<Transform>
<Rotation>0 0 1 -1 1.6653345369377348e-16 0 1.6653345369377309e-16 -1 0</Rotation>
<Translation>0.35570228863374842 0 0</Translation>
</Transform>
</Instance>
<Instance name="masse flottante-1" uid="masse flottante-1" entityUid="masse flottante*:*Défaut">
<Transform>
<Rotation>0 0 1 -1 -2.7755575615628914e-16 0 2.7755575615628914e-16 -1 0</Rotation>
<Translation>0.25570228863374844 0 0</Translation>
</Transform>
</Instance>
</Instance>
<Instance name="Bielle-1" uid="Bielle-1" entityUid="Bielle" rigid="true">
<Transform>
<Rotation>-1.0000000000000002 1.322704939359546e-15 -2.7755575615628914e-16 -1.3227048691140296e-15 -1 1.3160540619835547e-15 -2.7755575615628914e-16 1.3160538060664712e-15 1.0000000000000002</Rotation>
<Translation>-8.4383992804992414e-16 -0.058900000000000119 0.092813683273583969</Translation>
</Transform>
<Instance name="3902-1" uid="3902-1" entityUid="3902*:*Défaut">
<Transform>
<Rotation>1 5.5834893911200214e-16 -5.5834900935751891e-16 -5.5834900935751931e-16 7.2333259500255314e-16 -1 -5.5834893911200175e-16 1 7.2333259500255343e-16</Rotation>
<Translation>0 -0.10100000000000002 0</Translation>
</Transform>
</Instance>
<Instance name="bielle-1" uid="bielle-1" entityUid="bielle*:*Défaut">
<Transform>
<Rotation>0.68824554397598026 -0.72547782267772143 0 0 -1.4396122556522165e-16 -1 0.72547782267772143 0.68824554397598026 -1.1671203860493115e-16</Rotation>
<Translation>-0.0039613763976911239 0 -0.037593982191779327</Translation>
</Transform>
</Instance>
<Instance name="languette-2" uid="languette-2" entityUid="languette*:*Défaut">
<Transform>
<Rotation>0.68824554397597992 -0.72547782267772176 3.141490790375262e-16 0 -4.0432224589654951e-16 -1 0.72547782267772176 0.68824554397597992 -2.5632411631585237e-16</Rotation>
<Translation>-0.042841156345887151 0.0014999999999999458 -0.002198394280271701</Translation>
</Transform>
</Instance>
<Instance name="support barriere-1" uid="support barriere-1" entityUid="support barriere*:*Défaut">
<Transform>
<Rotation>4.9960036108132242e-16 -1.0000000000000002 0 -2.4492910391238483e-16 0 1 -1.0000000000000002 -4.9960036108131887e-16 -2.4492961574655221e-16</Rotation>
<Translation>0 -0.41000000000000003 0</Translation>
</Transform>
</Instance>
<Instance name="butée1-1" visible="false" uid="butée1-1" entityUid="butée1*:*Défaut">
<Transform>
<Rotation>0.68824554397597981 -0.72547782267772187 0 0 -1.4396122556522165e-16 -1 0.72547782267772187 0.68824554397597981 -1.1671203860493095e-16</Rotation>
<Translation>-0.026695739790461418 0 0.0046496582645038226</Translation>
</Transform>
</Instance>
<Instance name="lisse-1" uid="lisse-1" entityUid="lisse" rigid="true">
<Transform>
<Rotation>-1 1.6857161073703689e-16 3.3306690738754519e-16 1.6857161073703674e-16 1 -4.2262043442548357e-16 -3.3306690738754524e-16 -4.2262043442548352e-16 -1</Rotation>
<Translation>0.045000000000000033 -0.41600000000000004 0</Translation>
</Transform>
<Instance name="masse exterieure-1" uid="masse exterieure-1" entityUid="masse exterieure*:*Défaut">
<Transform>
<Rotation>0 0 -1 1 0 0 0 -1 0</Rotation>
<Translation>0.94000000000000061 0 0</Translation>
</Transform>
<VisualProperties>
<Ambient r="0.75294117647058822" g="0.75294117647058822" b="0.75294117647058822" a="1"/>
<Diffuse r="0.75294117647058822" g="0.75294117647058822" b="0.75294117647058822" a="1"/>
<Specular r="0.75294117647058822" g="0.75294117647058822" b="0.75294117647058822" a="1"/>
<Emissive r="0" g="0" b="0" a="1"/>
<Shininess>0.3125</Shininess>
</VisualProperties>
</Instance>
<Instance name="lisse1-1" uid="lisse1-1" grounded="true" entityUid="lisse1*:*Défaut">
<Transform>
<Rotation>1 0 0 0 1 0 0 0 1</Rotation>
<Translation>0 0 0</Translation>
</Transform>
</Instance>
</Instance>
<Instance name="languette-1" uid="languette-1" entityUid="languette*:*Défaut">
<Transform>
<Rotation>0.68824554397597926 -0.72547782267772221 3.193539673804736e-16 0 -4.1021257393237108e-16 -1 0.72547782267772221 0.68824554397597926 -2.59396307867594e-16</Rotation>
<Translation>-0.042841156345887144 -0.015000000000000048 -0.0021983942802716872</Translation>
</Transform>
</Instance>
<Instance name="vchc_10_40 8-8-1" uid="vchc_10_40 8-8-1" entityUid="vchc_10_40 8-8*:*Défaut">
<Transform>
<Rotation>-0.68806026049154123 -0.01596893030560146 -0.72547782267772143 0.023202373695511543 -0.99973078869008214 2.0296264668928643e-16 -0.72528251584276204 -0.016832807549574409 0.68824554397598003</Rotation>
<Translation>-0.030339203965001192 -0.26800000000000029 -0.002921079042067079</Translation>
</Transform>
</Instance>
<Instance name="3748-1" uid="3748-1" entityUid="3748*:*Défaut">
<Transform>
<Rotation>0.55775915335029014 -0.83000284749750586 -1.1646581140944423e-15 -8.3243370912868195e-16 8.4380513347360383e-16 -1 0.83000284749750586 0.55775915335029014 -2.2028205617376697e-16</Rotation>
<Translation>0 -0.24299999999999983 0</Translation>
</Transform>
</Instance>
<Instance name="3720-1" uid="3720-1" entityUid="3720*:*Défaut">
<Transform>
<Rotation>0.68824554397598026 -0.72547782267772121 -1.4861907486222044e-16 0 2.0194175424839057e-16 -1 0.72547782267772121 0.68824554397598026 1.3675629611087539e-16</Rotation>
<Translation>0 -0.26800000000000002 0</Translation>
</Transform>
</Instance>
<Instance name="vis_M3_chcx20-2" uid="vis_M3_chcx20-2" entityUid="vis_M3_chcx20*:*Défaut">
<Transform>
<Rotation>0.93974529653178296 0.34187538321205768 1.1983607720886211e-16 0 2.0369257308331e-16 -1 -0.34187538321205768 0.93974529653178296 1.7315709784922245e-16</Rotation>
<Translation>-0.043399640526413284 0.003999999999999948 0.019007456219533841</Translation>
</Transform>
</Instance>
<Instance name="axe-1" uid="axe-1" entityUid="axe*:*Défaut">
<Transform>
<Rotation>0.53211245820419439 0.84667368674353516 1.3958723477800169e-16 1.3067417323892468e-16 -2.4699085827717239e-16 1 0.84667368674353516 -0.53211245820419439 -2.4206555268727737e-16</Rotation>
<Translation>0 -0.39999999999999997 0</Translation>
</Transform>
</Instance>
<Instance name="vis_M3_chcx20-1" uid="vis_M3_chcx20-1" entityUid="vis_M3_chcx20*:*Défaut">
<Transform>
<Rotation>0.72397065341672484 -0.68983077127028836 1.1983614745437921e-16 2.0620689748005012e-16 0 -1 0.68983077127028836 0.72397065341672484 1.7315735376630548e-16</Rotation>
<Translation>-0.022752274207133893 0.003999999999999948 0.040771790899865504</Translation>
</Transform>
</Instance>
</Instance>
</InstanceTree>
<Constraints>
<Coincident name="Coïncidente1">
<ConstraintGeometry geomType="plane">
<InstancePath>
<Uid>Bati-1</Uid>
</InstancePath>
<Position>0 0 0</Position>
<Axis>0 0 1</Axis>
</ConstraintGeometry>
<ConstraintGeometry geomType="plane">
<InstancePath>
<Uid>Barriere</Uid>
</InstancePath>
<Position>0 0 0</Position>
<Axis>0 0 1</Axis>
</ConstraintGeometry>
</Coincident>
<Coincident name="Coïncidente2">
<ConstraintGeometry geomType="plane">
<InstancePath>
<Uid>Bati-1</Uid>
</InstancePath>
<Position>0 0 0</Position>
<Axis>0 1 0</Axis>
</ConstraintGeometry>
<ConstraintGeometry geomType="plane">
<InstancePath>
<Uid>Barriere</Uid>
</InstancePath>
<Position>0 0 0</Position>
<Axis>0 1 0</Axis>
</ConstraintGeometry>
</Coincident>
<Coincident name="Coïncidente3">
<ConstraintGeometry geomType="plane">
<InstancePath>
<Uid>Bati-1</Uid>
</InstancePath>
<Position>0 0 0</Position>
<Axis>1 0 0</Axis>
</ConstraintGeometry>
<ConstraintGeometry geomType="plane">
<InstancePath>
<Uid>Barriere</Uid>
</InstancePath>
<Position>0 0 0</Position>
<Axis>1 0 0</Axis>
</ConstraintGeometry>
</Coincident>
<Concentric name="Coaxiale1">
<ConstraintGeometry geomType="cylinder">
<InstancePath>
<Uid>Bati-1</Uid>
