<?xml version="1.0" encoding="UTF-8" standalone="no" ?>
<SimscapeMultibodyImportXML version="2.0" xmlns="urn:mathworks:SimscapeMultibody:import" xmlns:xsi="http://www.w3.org/2001/XMLSchema-instance">
<Created by="" on="11/01/19||13:16:42" using="Simscape Multibody Link Version 6.1" from="SolidWorks 25.5.0"/>
<ModelUnits mass="kilogram" length="millimeter"/>
<DataUnits mass="kilogram" length="meter"/>
<RootAssembly name="Mobycrea" uid="Mobycrea" version="2823">
<AssemblyFile name="Mobycrea.SLDASM" type="SolidWorks Assembly"/>
<InstanceTree>
<Instance name="Moby-Bras-A-V-1" uid="Moby-Bras-A-V-1" entityUid="Moby-Bras-A-V" rigid="true">
<Transform>
<Rotation>3.5688601239671138e-16 0.70801984820644059 -0.70619253362360701 2.5006835012938901e-16 0.70619253362360701 0.70801984820644059 1 -4.2927878208106976e-16 0</Rotation>
<Translation>-0.099890328990447044 -0.10397706688035344 0.077863902813755714</Translation>
</Transform>
<Instance name="Moby-Bras-2-V-2" uid="Moby-Bras-2-V-2" entityUid="Moby-Bras-2-V*:*Défaut">
<Transform>
<Rotation>0 -3.0878077872387156e-16 -1 -1.0000000000000002 0 0 0 1.0000000000000002 -3.0878077872387166e-16</Rotation>
<Translation>0.027228600823045276 0.054440534979423902 0</Translation>
</Transform>
</Instance>
<Instance name="Moby-Vis-M3-12-6" uid="Moby-Vis-M3-12-6" entityUid="Moby-Vis-M3-12*:*Défaut">
<Transform>
<Rotation>-1 2.2082852921321764e-16 0 0 -0.046753746868308743 0.99890644564632503 2.2204460492503151e-16 0.99890644564632503 0.046753746868308743</Rotation>
<Translation>-0.04277139917695473 -0.001559465020576134 0</Translation>
</Transform>
</Instance>
<Instance name="Moby-Bras-3-V-1" uid="Moby-Bras-3-V-1" grounded="true" entityUid="Moby-Bras-3-V*:*Défaut">
<Transform>
<Rotation>1 0 0 0 1 0 0 0 1</Rotation>
<Translation>-0.013771399176954718 0.0084405349794238749 0</Translation>
</Transform>
<VisualProperties>
<Ambient r="0.40784313725490196" g="0.36078431372549019" b="0.4392156862745098" a="1"/>
<Diffuse r="0.32219607843137255" g="0.28501960784313729" b="0.34698039215686277" a="1"/>
<Specular r="0.35890196078431374" g="0.31749019607843137" b="0.38650980392156864" a="1"/>
<Emissive r="0.085647058823529409" g="0.075764705882352942" b="0.092235294117647054" a="1"/>
<Shininess>0.20999999999999999</Shininess>
</VisualProperties>
</Instance>
<Instance name="Moby-Galet-V-1" uid="Moby-Galet-V-1" entityUid="Moby-Galet-V*:*Défaut">
<Transform>
<Rotation>1 0 0 0 1 0 0 0 1</Rotation>
<Translation>-0.058771399176954731 -0.013559465020576117 0</Translation>
</Transform>
</Instance>
<Instance name="Moby-Vis-M3-12-5" uid="Moby-Vis-M3-12-5" entityUid="Moby-Vis-M3-12*:*Défaut">
<Transform>
<Rotation>-1 0 0 0 -0.028342770854761046 0.99959826297381815 0 0.99959826297381815 0.028342770854761046</Rotation>
<Translation>-0.04277139917695473 0.018440534979423856 0</Translation>
</Transform>
</Instance>
<Instance name="Moby-Vis-M3-12-7" uid="Moby-Vis-M3-12-7" entityUid="Moby-Vis-M3-12*:*Défaut">
<Transform>
<Rotation>1 0 0 0 1 0 0 0 1</Rotation>
<Translation>0.01522860082304528 0.018440534979423884 0</Translation>
</Transform>
</Instance>
<Instance name="Moby-Vis-M3-12-8" uid="Moby-Vis-M3-12-8" entityUid="Moby-Vis-M3-12*:*Défaut">
<Transform>
<Rotation>1 0 0 0 1 0 0 0 1</Rotation>
<Translation>0.01522860082304528 -0.001559465020576134 0</Translation>
</Transform>
</Instance>
<Instance name="Moby-Bague levier-1-2" uid="Moby-Bague levier-1-2" entityUid="Moby-Bague levier-1*:*Défaut">
<Transform>
<Rotation>0 2.2204460492503146e-16 -1 0.81476545097920883 0.57979070352209594 1.3721975423414054e-16 0.57979070352209594 -0.81476545097920883 -1.7487961340192606e-16</Rotation>
<Translation>-0.051771399176954724 0.12244053497942392 0</Translation>
</Transform>
</Instance>
<Instance name="Moby-Vis ep-M3-1" uid="Moby-Vis ep-M3-1" entityUid="Moby-Vis ep-M3*:*Défaut">
<Transform>
<Rotation>1 0 0 0 1 0 0 0 1</Rotation>
<Translation>0.021728600823045285 -0.013559465020576172 0</Translation>
</Transform>
</Instance>
<Instance name="Moby-Vis ep-M3-2" uid="Moby-Vis ep-M3-2" entityUid="Moby-Vis ep-M3*:*Défaut">
<Transform>
<Rotation>-1 0 1.8120208337460332e-16 1.6653345369377338e-16 0.14882880524870845 0.98886297672035561 -1.1102230246251565e-16 0.98886297672035561 -0.14882880524870845</Rotation>
<Translation>-0.049271399176954736 -0.013559465020576145 0</Translation>
</Transform>
</Instance>
<Instance name="Moby-Bras-2-V-1" uid="Moby-Bras-2-V-1" entityUid="Moby-Bras-2-V*:*Défaut">
<Transform>
<Rotation>0 0 1 -1.0000000000000002 0 0 0 -1.0000000000000002 0</Rotation>
<Translation>-0.054771399176954727 0.054440534979423874 0</Translation>
</Transform>
<VisualProperties>
<Ambient r="1" g="0" b="0.50196078431372548" a="1"/>
<Diffuse r="0.79000000000000004" g="0" b="0.39654901960784317" a="1"/>
<Specular r="0.88" g="0" b="0.44172549019607843" a="1"/>
<Emissive r="0.20999999999999999" g="0" b="0.10541176470588234" a="1"/>
<Shininess>0.20999999999999999</Shininess>
</VisualProperties>
</Instance>
<Instance name="Moby-Bras-5-V-1" uid="Moby-Bras-5-V-1" entityUid="Moby-Bras-5-V*:*Défaut">
<Transform>
<Rotation>-1.9428902930940237e-16 0 -0.99999999999999989 -0.3693717226101817 0.92928172829125766 0 0.92928172829125777 0.36937172261018164 -1.7029712016749014e-16</Rotation>
<Translation>-0.013771399176954718 -0.013559465020576145 0</Translation>
</Transform>
</Instance>
<Instance name="Moby-Galet-V-2" uid="Moby-Galet-V-2" entityUid="Moby-Galet-V*:*Défaut">
<Transform>
<Rotation>1 0 0 0 1 0 0 0 1</Rotation>
<Translation>0.031228600823045238 -0.013559465020576172 0</Translation>
</Transform>
</Instance>
<Instance name="Moby-Bague levier-1-1" uid="Moby-Bague levier-1-1" entityUid="Moby-Bague levier-1*:*Défaut">
<Transform>
<Rotation>-4.1633363423443346e-16 2.2204460492503146e-16 -1 0.77929381747996207 0.6266587157596295 -1.853000402041835e-16 0.6266587157596295 -0.77929381747996196 -4.3393708837974704e-16</Rotation>
<Translation>0.026728600823045276 0.12244053497942392 0</Translation>
</Transform>
</Instance>
</Instance>
<Instance name="Moby-RV-Inter-1" uid="Moby-RV-Inter-1" entityUid="Moby-RV-Inter" rigid="true">
<Transform>
<Rotation>0 -0.79307539971292396 0.60912347711296255 1 0 0 0 0.60912347711296255 0.79307539971292396</Rotation>
<Translation>0.029243055686432009 -0.030621758644363839 0.063404292270805213</Translation>
</Transform>
<Instance name="Moby-Roulement-D8-2" uid="Moby-Roulement-D8-2" entityUid="Moby-Roulement-D8" rigid="true">
<Transform>
<Rotation>1 0 0 0 1 0 0 0 1</Rotation>
<Translation>0.0086835536013232829 -0.0013327160493827143 0</Translation>
</Transform>
<Instance name="Moby-Roulement-D8-Bille-5" uid="Moby-Roulement-D8-Bille-5" entityUid="Moby-Roulement-D8-Bille*:*Défaut">
<Transform>
<Rotation>1 0 0 0 -0.99999999999999978 5.2180482157382357e-15 0 -5.2180482157382357e-15 -0.99999999999999978</Rotation>
<Translation>0 0 0.007232048922703932</Translation>
</Transform>
</Instance>
<Instance name="Moby-Roulement-D8-Bille-3" uid="Moby-Roulement-D8-Bille-3" entityUid="Moby-Roulement-D8-Bille*:*Défaut">
<Transform>
<Rotation>1 0 0 0 -2.6090241078691179e-15 -1 0 1 -2.6090241078691179e-15</Rotation>
<Translation>0 0.0072320489227039216 0</Translation>
</Transform>
</Instance>
<Instance name="Moby-Roulement-D8-Bille-4" uid="Moby-Roulement-D8-Bille-4" entityUid="Moby-Roulement-D8-Bille*:*Défaut">
<Transform>
<Rotation>1 0 0 0 -0.70710678118655013 -0.70710678118654469 0 0.70710678118654469 -0.70710678118655013</Rotation>
<Translation>0 0.0051138308351167845 0.0051138308351168366</Translation>
</Transform>
</Instance>
<Instance name="Moby-Roulement-D8-Bille-2" uid="Moby-Roulement-D8-Bille-2" entityUid="Moby-Roulement-D8-Bille*:*Défaut">
<Transform>
<Rotation>1 0 0 0 0.70710678118654646 -0.70710678118654835 0 0.70710678118654835 0.70710678118654646</Rotation>
<Translation>0 0.0051138308351168123 -0.0051138308351167949</Translation>
</Transform>
</Instance>
<Instance name="Moby-Roulement-D8-Bille-6" uid="Moby-Roulement-D8-Bille-6" entityUid="Moby-Roulement-D8-Bille*:*Défaut">
<Transform>
<Rotation>1 0 0 0 -0.70710678118654291 0.70710678118655212 0 -0.70710678118655212 -0.70710678118654291</Rotation>
<Translation>0 -0.0051138308351168366 0.005113830835116781</Translation>
</Transform>
</Instance>
<Instance name="Moby-Roulement-D8-Bille-7" uid="Moby-Roulement-D8-Bille-7" entityUid="Moby-Roulement-D8-Bille*:*Défaut">
<Transform>
<Rotation>1 0 0 0 7.8270723236073536e-15 0.99999999999999989 0 -0.99999999999999989 7.8270723236073536e-15</Rotation>
<Translation>0 -0.0072320489227039181 0</Translation>
</Transform>
</Instance>
<Instance name="Moby-Roulement-D8-Bille-8" uid="Moby-Roulement-D8-Bille-8" entityUid="Moby-Roulement-D8-Bille*:*Défaut">
<Transform>
<Rotation>1 0 0 0 0.70710678118655423 0.70710678118654091 0 -0.70710678118654091 0.70710678118655423</Rotation>
<Translation>0 -0.0051138308351167568 -0.0051138308351168504</Translation>
</Transform>
</Instance>
<Instance name="Moby-Roulement-D8-Bi-1" uid="Moby-Roulement-D8-Bi-1" entityUid="Moby-Roulement-D8-Bi*:*Défaut">
<Transform>
<Rotation>1 0 0 0 1 0 0 0 1</Rotation>
<Translation>0 0 0</Translation>
</Transform>
</Instance>
<Instance name="Moby-Roulement-D8-Be-1" uid="Moby-Roulement-D8-Be-1" entityUid="Moby-Roulement-D8-Be*:*Défaut">
<Transform>
<Rotation>1 0 0 0 1 0 0 0 1</Rotation>
<Translation>0 0 0</Translation>
</Transform>
</Instance>
<Instance name="Moby-Roulement-D8-Bille-1" uid="Moby-Roulement-D8-Bille-1" entityUid="Moby-Roulement-D8-Bille*:*Défaut">
<Transform>
<Rotation>1 0 0 0 1 0 0 0 1</Rotation>
<Translation>0 0 -0.0072320489227039181</Translation>
</Transform>
</Instance>
</Instance>
<Instance name="Moby-RV-9-1" uid="Moby-RV-9-1" entityUid="Moby-RV-9*:*Défaut">
<Transform>
<Rotation>-1 0 1.1652326051673966e-16 0 0.84716317345599479 0.53133281240665742 -1.1796119636642293e-16 0.53133281240665742 -0.84716317345599479</Rotation>
<Translation>0.025683553601323281 -0.0013327160493827143 0</Translation>
</Transform>
</Instance>
<Instance name="Moby-RV-4-1" uid="Moby-RV-4-1" grounded="true" entityUid="Moby-RV-4*:*Défaut">
<Transform>
<Rotation>1 0 0 0 1 0 0 0 1</Rotation>
<Translation>-0.051816446398676719 -0.0013327160493827143 0</Translation>
</Transform>
</Instance>
<Instance name="Moby-RV-5-1" uid="Moby-RV-5-1" entityUid="Moby-RV-5*:*Défaut">
<Transform>
<Rotation>0 0 -1 -0.069030099795891642 0.99761457754093041 0 0.99761457754093041 0.069030099795891642 0</Rotation>
<Translation>-0.015816446398676721 -0.0013327160493827143 0</Translation>
</Transform>
</Instance>
<Instance name="Moby-Roulement-D8-1" uid="Moby-Roulement-D8-1" entityUid="Moby-Roulement-D8" rigid="true">
<Transform>
<Rotation>1 0 0 0 0.94246477570348997 0.33430546893248714 0 -0.33430546893248714 0.94246477570348997</Rotation>
<Translation>-0.048316446398676716 -0.0013327160493827143 0</Translation>
</Transform>
<Instance name="Moby-Roulement-D8-Bille-5" uid="Moby-Roulement-D8-Bille-5" entityUid="Moby-Roulement-D8-Bille*:*Défaut">
<Transform>
<Rotation>1 0 0 0 -1 5.2180482157382357e-15 0 -5.2180482157382357e-15 -1</Rotation>
<Translation>0 0 0.0072320489227039181</Translation>
</Transform>
</Instance>
<Instance name="Moby-Roulement-D8-Bille-3" uid="Moby-Roulement-D8-Bille-3" entityUid="Moby-Roulement-D8-Bille*:*Défaut">
<Transform>
<Rotation>1 0 0 0 -2.6090241078691179e-15 -1 0 1 -2.6090241078691179e-15</Rotation>
<Translation>0 0.0072320489227039216 0</Translation>
</Transform>
</Instance>
<Instance name="Moby-Roulement-D8-Bille-4" uid="Moby-Roulement-D8-Bille-4" entityUid="Moby-Roulement-D8-Bille*:*Défaut">
<Transform>
<Rotation>1 0 0 0 -0.70710678118655013 -0.70710678118654469 0 0.70710678118654469 -0.70710678118655013</Rotation>
<Translation>0 0.005113830835116788 0.0051138308351168227</Translation>
</Transform>
</Instance>
<Instance name="Moby-Roulement-D8-Bille-2" uid="Moby-Roulement-D8-Bille-2" entityUid="Moby-Roulement-D8-Bille*:*Défaut">
<Transform>
<Rotation>1 0 0 0 0.70710678118654657 -0.70710678118654846 0 0.70710678118654846 0.70710678118654657</Rotation>
<Translation>0 0.0051138308351168123 -0.0051138308351168088</Translation>
</Transform>
</Instance>
<Instance name="Moby-Roulement-D8-Bille-6" uid="Moby-Roulement-D8-Bille-6" entityUid="Moby-Roulement-D8-Bille*:*Défaut">
<Transform>
<Rotation>1 0 0 0 -0.7071067811865428 0.70710678118655201 0 -0.70710678118655201 -0.7071067811865428</Rotation>
<Translation>0 -0.00511383083511684 0.0051138308351167672</Translation>
</Transform>
</Instance>
<Instance name="Moby-Roulement-D8-Bille-7" uid="Moby-Roulement-D8-Bille-7" entityUid="Moby-Roulement-D8-Bille*:*Défaut">
<Transform>
<Rotation>1 0 0 0 7.8270723236073536e-15 0.99999999999999989 0 -0.99999999999999989 7.8270723236073536e-15</Rotation>
<Translation>0 -0.0072320489227039181 0</Translation>
</Transform>
</Instance>
<Instance name="Moby-Roulement-D8-Bille-8" uid="Moby-Roulement-D8-Bille-8" entityUid="Moby-Roulement-D8-Bille*:*Défaut">
<Transform>
<Rotation>1 0 0 0 0.70710678118655412 0.7071067811865408 0 -0.7071067811865408 0.70710678118655412</Rotation>
<Translation>0 -0.0051138308351167602 -0.0051138308351168643</Translation>
</Transform>
</Instance>
<Instance name="Moby-Roulement-D8-Bi-1" uid="Moby-Roulement-D8-Bi-1" entityUid="Moby-Roulement-D8-Bi*:*Défaut">
<Transform>
<Rotation>1 0 0 0 1 0 0 0 1</Rotation>
<Translation>0 0 0</Translation>
</Transform>
</Instance>
<Instance name="Moby-Roulement-D8-Be-1" uid="Moby-Roulement-D8-Be-1" entityUid="Moby-Roulement-D8-Be*:*Défaut">
<Transform>
<Rotation>1 0 0 0 1 0 0 0 1</Rotation>
<Translation>0 0 0</Translation>
</Transform>
</Instance>
<Instance name="Moby-Roulement-D8-Bille-1" uid="Moby-Roulement-D8-Bille-1" entityUid="Moby-Roulement-D8-Bille*:*Défaut">
<Transform>
<Rotation>1 0 0 0 1 0 0 0 1</Rotation>
<Translation>0 0 -0.007232048922703925</Translation>
</Transform>
</Instance>
</Instance>
<Instance name="Moby-Anneau elastique-1" uid="Moby-Anneau elastique-1" entityUid="Moby-Anneau elastique*:*Défaut">
<Transform>
<Rotation>1.0051917900396459e-16 0 1 -1.1102230246251565e-16 0.99999999999999978 0 -0.99999999999999978 -1.1102230246251565e-16 1.0051917900396455e-16</Rotation>
<Translation>-0.033816446398676731 -0.0013327160493827143 0</Translation>
</Transform>
</Instance>
</Instance>
<Instance name="Moby-Bielles-V-1" uid="Moby-Bielles-V-1" entityUid="Moby-Bielles-V" rigid="true">
<Transform>
<Rotation>0.96123426828961012 -0.27573298944039637 -1.6294186914450702e-16 -0.27573298944039637 -0.96123426828961012 1.2695543758672022e-16 -1.9163111069236166e-16 0 -0.99999999999999989</Rotation>
<Translation>0.061345875569077488 -0.12524319861346933 0.020092503636801026</Translation>
</Transform>
<Instance name="Moby-Bielle-V-1" uid="Moby-Bielle-V-1" grounded="true" entityUid="Moby-Bielle-V*:*Défaut">
<Transform>
<Rotation>1 0 0 0 1 0 0 0 1</Rotation>
<Translation>-0.074187860082304505 -0.030271399176954733 0.0030000000000000929</Translation>
</Transform>
</Instance>
<Instance name="Moby-Bielle-V-2" uid="Moby-Bielle-V-2" entityUid="Moby-Bielle-V*:*Défaut">
<Transform>
<Rotation>-0.99999999999999989 0 -1.1095518910583638e-16 0 0.99999999999999989 0 1.1095518910583638e-16 0 -0.99999999999999978</Rotation>
<Translation>-0.074187860082304519 -0.030271399176954733 -0.090999999999999887</Translation>
</Transform>
</Instance>
</Instance>
<Instance name="Moby-Embase mobile-1" uid="Moby-Embase mobile-1" entityUid="Moby-Embase mobile" rigid="true">
<Transform>
<Rotation>-1 0 0 0 0 -1 0 -1 0</Rotation>
<Translation>-0.088709309342712442 -0.12906109120299067 0.084360199110051867</Translation>
</Transform>
<Instance name="Moby-Axe-5x43-2" uid="Moby-Axe-5x43-2" entityUid="Moby-Axe-5x43*:*Défaut">
<Transform>
<Rotation>0.66988293168551216 0.74246673853878686 -1.1692363668949129e-16 1.0148132334464244e-16 0 1 0.74246673853878697 -0.66988293168551216 0</Rotation>
<Translation>-0.07550930934271273 0.057767695473251029 -0.01300000000000015</Translation>
</Transform>
</Instance>
<Instance name="Moby-Attache bielle-V-2" uid="Moby-Attache bielle-V-2" entityUid="Moby-Attache bielle-V*:*Défaut">
<Transform>
<Rotation>1 0 0 0 1 0 0 0 1</Rotation>
<Translation>-0.07550930934271273 0.072767695473251015 -0.011500000000000149</Translation>
</Transform>
</Instance>
<Instance name="Moby-Attache bielle-V-1" uid="Moby-Attache bielle-V-1" entityUid="Moby-Attache bielle-V*:*Défaut">
<Transform>
<Rotation>-1.0000000000000002 -1.6653345369377353e-16 0 1.6653345369377343e-16 -1.0000000000000002 0 0 0 1</Rotation>
<Translation>-0.075509309342712744 -0.029232304526748978 -0.011500000000000149</Translation>
</Transform>
</Instance>
<Instance name="Moby-Vis-M3-12-4" uid="Moby-Vis-M3-12-4" entityUid="Moby-Vis-M3-12*:*Défaut">
<Transform>
<Rotation>1.6653345369377348e-16 -0.21556647286279873 -0.9764891682847755 0 0.97648916828477539 -0.2155664728627987 1 0 1.5265566588595925e-16</Rotation>
<Translation>-0.058509309342712749 -0.029232304526748978 -0.020500000000000157</Translation>
</Transform>
</Instance>
<Instance name="Moby-Embase mobile-1" uid="Moby-Embase mobile-1" grounded="true" entityUid="Moby-Embase mobile*:*Défaut">
<Transform>
<Rotation>1 0 0 0 1 0 0 0 1</Rotation>
<Translation>-0.075509309342712744 0.021767695473251025 -0.0015000000000001401</Translation>
</Transform>
</Instance>
<Instance name="Moby-Axe-5x43-1" uid="Moby-Axe-5x43-1" entityUid="Moby-Axe-5x43*:*Défaut">
<Transform>
<Rotation>-0.36963224729332672 -0.92917813241643021 3.5846806840568084e-16 0 3.4829189119942666e-16 0.99999999999999978 -0.92917813241643021 0.36963224729332672 0</Rotation>
<Translation>-0.075509309342712744 -0.014232304526748965 -0.01300000000000015</Translation>
</Transform>
</Instance>
<Instance name="Moby-Patin-Embase mobile-1" uid="Moby-Patin-Embase mobile-1" entityUid="Moby-Patin-Embase mobile*:*Défaut">
<Transform>
<Rotation>1 0 0 0 1 0 0 0 1</Rotation>
<Translation>-0.0015093093427127474 -0.020232304526748984 -0.0055000000000001575</Translation>
</Transform>
</Instance>
<Instance name="Moby-Patin-Embase mobile-2" uid="Moby-Patin-Embase mobile-2" entityUid="Moby-Patin-Embase mobile*:*Défaut">
<Transform>
<Rotation>1 0 0 0 1 0 0 0 1</Rotation>
<Translation>-0.20150930934271274 -0.02023230452674897 -0.0055000000000001575</Translation>
</Transform>
</Instance>
<Instance name="Moby-Patin-Embase mobile-3" uid="Moby-Patin-Embase mobile-3" entityUid="Moby-Patin-Embase mobile*:*Défaut">
<Transform>
<Rotation>1 0 0 0 1 0 0 0 1</Rotation>
<Translation>-0.20150930934271274 0.063767695473251035 -0.0055000000000001575</Translation>
</Transform>
</Instance>
<Instance name="Moby-Guide linéaire annulaire-Animation-1" visible="false" uid="Moby-Guide linéaire annulaire-Animation-1" entityUid="Moby-Guide linéaire annulaire-Animation*:*Défaut">
<Transform>
<Rotation>0 1.9428902930940244e-16 1.0000000000000002 0 1 -1.9428902930940239e-16 -1.0000000000000002 0 0</Rotation>
<Translation>-0.012532271865688643 0.021767695473251025 -0.013050000000000159</Translation>
</Transform>
</Instance>
<Instance name="Moby-Patin-Embase mobile-4" uid="Moby-Patin-Embase mobile-4" entityUid="Moby-Patin-Embase mobile*:*Défaut">
<Transform>
<Rotation>1 0 0 0 1 0 0 0 1</Rotation>
<Translation>-0.0015093093427127474 0.063767695473251035 -0.0055000000000001575</Translation>
</Transform>
</Instance>
<Instance name="Moby-Vis-M3-12-1" uid="Moby-Vis-M3-12-1" entityUid="Moby-Vis-M3-12*:*Défaut">
<Transform>
<Rotation>1.1102230246251563e-16 0.097349588748981128 -0.99525024871657486 0 0.99525024871657486 0.097349588748981128 1 0 1.0737079372478379e-16</Rotation>
<Translation>-0.092509309342712745 0.072767695473251015 -0.020500000000000157</Translation>
</Transform>
</Instance>
<Instance name="Moby-Vis-M3-12-2" uid="Moby-Vis-M3-12-2" entityUid="Moby-Vis-M3-12*:*Défaut">
<Transform>
<Rotation>0 0.235828492153973 -0.97179469142838149 1.2034644114588988e-16 0.97179469142838149 0.235828492153973 1 -1.2349758818417534e-16 0</Rotation>
<Translation>-0.058509309342712743 0.072767695473251015 -0.020500000000000157</Translation>
</Transform>
</Instance>
<Instance name="Moby-Vis-M3-12-3" uid="Moby-Vis-M3-12-3" entityUid="Moby-Vis-M3-12*:*Défaut">
<Transform>
<Rotation>1.1102230246251565e-16 -0.83118671998467553 -0.55599337812703897 0 0.55599337812703886 -0.83118671998467553 1.0000000000000002 0 0</Rotation>
<Translation>-0.092509309342712745 -0.029232304526748978 -0.020500000000000157</Translation>
</Transform>
</Instance>
</Instance>
<Instance name="Moby-Socle-2" uid="Moby-Socle-2" entityUid="Moby-Socle" rigid="true">
<Transform>
<Rotation>-1.0000000000000002 0 0 0 0 -1 0 -1.0000000000000002 0</Rotation>
<Translation>0 0 0</Translation>
</Transform>
<Instance name="Moby-Socle-Coussinet-1" uid="Moby-Socle-Coussinet-1" entityUid="Moby-Socle-Coussinet*:*Défaut">
<Transform>
<Rotation>1 0 0 0 1 0 0 0 1</Rotation>
<Translation>0.013223837209302321 0.13324263565891478 0.00025000000000015201</Translation>
</Transform>
</Instance>
<Instance name="Moby-RH-Palier long-1" uid="Moby-RH-Palier long-1" entityUid="Moby-RH-Palier long*:*Défaut">
<Transform>
<Rotation>0.98480775301221168 4.6069518859824382e-16 0.17364817766690976 -0.17364817766690976 -1.0451357568249315e-16 0.98480775301221168 4.7184478546569123e-16 -1 0</Rotation>
<Translation>-0.059857500260133971 0.094849803340805117 0.0032500000000000662</Translation>
</Transform>
</Instance>
<Instance name="Moby-Socle-Rail-1" uid="Moby-Socle-Rail-1" entityUid="Moby-Socle-Rail*:*Défaut">
<Transform>
<Rotation>-0.25709161596054214 -0.96638703478616561 0 0 0 -1.0000000000000002 0.96638703478616539 -0.25709161596054209 0</Rotation>
<Translation>-0.12527616279069767 0.15274263565891472 -0.00049999999999988552</Translation>
</Transform>
</Instance>
<Instance name="Moby-Vis-M3-12-1" uid="Moby-Vis-M3-12-1" entityUid="Moby-Vis-M3-12*:*Défaut">
<Transform>
<Rotation>-1.110223024625157e-16 0.7030291279811226 -0.71116105434008603 -1.1443753930584504e-16 0.71116105434008603 0.7030291279811226 1 1.5943543359550854e-16 0</Rotation>
<Translation>-0.056466783763908103 0.15263895872201885 -0.0032499999999998502</Translation>
</Transform>
</Instance>
<Instance name="Moby-Socle-Appui de roue-1" uid="Moby-Socle-Appui de roue-1" entityUid="Moby-Socle-Appui de roue*:*Défaut">
<Transform>
<Rotation>0 -0.89236648182771794 0.4513114912235463 4.2544093248331204e-16 -0.4513114912235463 -0.89236648182771794 1 1.5485416362174666e-16 3.9843884347692291e-16</Rotation>
<Translation>0.054594795668141571 0.14668487491422488 0.0017500000000001518</Translation>
</Transform>
</Instance>
<Instance name="Moby-Socle-Appui de roue-4" uid="Moby-Socle-Appui de roue-4" entityUid="Moby-Socle-Appui de roue*:*Défaut">
<Transform>
<Rotation>0 -0.99269101916906899 0.12068363791780237 2.2030988144905455e-16 -0.12068363791780237 -0.99269101916906899 1 0 2.2874857226206898e-16</Rotation>
<Translation>-0.012344821265420587 0.098050396403604745 0.0017500000000001499</Translation>
</Transform>
</Instance>
<Instance name="Moby-Silentbloc-Moteur-H-1" uid="Moby-Silentbloc-Moteur-H-1" entityUid="Moby-Silentbloc-Moteur-H*:*Défaut">
<Transform>
<Rotation>-0.9337822055836873 0.312885127368209 -0.173648177666926 0.16465099694985846 -0.055170089817418361 -0.98480775301220891 -0.31771188479293994 -0.9481873012550408 0</Rotation>
<Translation>-0.078045730241343245 0.15695162250719735 0.0052500000000001512</Translation>
</Transform>
</Instance>
<Instance name="Moby-Socle-1" uid="Moby-Socle-1" grounded="true" entityUid="Moby-Socle*:*Défaut">
<Transform>
<Rotation>1 0 0 0 1 0 0 0 1</Rotation>
<Translation>0.013223837209302321 -0.021757364341085279 -0.0072499999999998486</Translation>
</Transform>
</Instance>
<Instance name="Moby-Socle-Appui de roue-5" uid="Moby-Socle-Appui de roue-5" entityUid="Moby-Socle-Appui de roue*:*Défaut">
<Transform>
<Rotation>0 -0.95879049001464167 0.28411405501573361 0 -0.28411405501573361 -0.95879049001464167 1 0 0</Rotation>
<Translation>0.038792495684024708 0.098050396403604412 0.0017500000000001518</Translation>
</Transform>
</Instance>
<Instance name="Moby-Socle-Rail-2" uid="Moby-Socle-Rail-2" entityUid="Moby-Socle-Rail*:*Défaut">
<Transform>
<Rotation>-0.10362542151240449 -0.99461639440357952 0 4.1633363423443385e-16 0 -1 0.9946163944035793 -0.10362542151240448 4.0833989170621317e-16</Rotation>
<Translation>0.15172383720930241 0.15274263565891472 -0.00049999999999998939</Translation>
</Transform>
</Instance>
<Instance name="Moby-RH-Palier court-1" uid="Moby-RH-Palier court-1" entityUid="Moby-RH-Palier court*:*Défaut">
<Transform>
<Rotation>0.98480775301220869 -2.8382676018279175e-16 -0.17364817766692814 -0.17364817766692814 0 -0.98480775301220869 2.8178767029997907e-16 1 0</Rotation>
<Translation>-0.050845159839217516 0.1459613257221396 0.003250000000000084</Translation>
</Transform>
</Instance>
<Instance name="Moby-Corps moteur-H-1" uid="Moby-Corps moteur-H-1" entityUid="Moby-Corps moteur-H*:*Défaut">
<Transform>
<Rotation>0.17364817766692636 0.98193663715161572 -0.075144866839536376 0.9848077530122088 -0.1731419224759638 0.01325006748555483 0 -0.076304097535475846 -0.99708459254934656</Rotation>
<Translation>-0.080585646437734068 0.14254704195925313 0.0052500000000001521</Translation>
</Transform>
</Instance>
<Instance name="Moby-Rondelle large-d3-1" uid="Moby-Rondelle large-d3-1" entityUid="Moby-Rondelle large-d3*:*Défaut">
<Transform>
<Rotation>1 0 0 0 1 0 0 0 1</Rotation>
<Translation>0.013223837209302321 0.13324263565891478 0.012250000000000153</Translation>
</Transform>
</Instance>
<Instance name="Moby-Socle-Appui de roue-2" uid="Moby-Socle-Appui de roue-2" entityUid="Moby-Socle-Appui de roue*:*Défaut">
<Transform>
<Rotation>0 -0.20644334610488907 0.97845855550913219 -2.9143354396410374e-16 -0.97845855550913219 -0.20644334610488907 1 -2.7942569055086633e-16 0</Rotation>
<Translation>-0.028147121249536736 0.14668487491422547 0.0017500000000001527</Translation>
</Transform>
</Instance>
<Instance name="Moby-Socle-Appui de roue-3" uid="Moby-Socle-Appui de roue-3" entityUid="Moby-Socle-Appui de roue*:*Défaut">
<Transform>
<Rotation>0 -0.77456476154560971 0.63249460880848074 0 -0.63249460880848074 -0.77456476154560971 1 0 0</Rotation>
<Translation>0.013223837209302321 0.17674263565891479 0.0017500000000001501</Translation>
</Transform>
</Instance>
<Instance name="Moby-Vis ep-M4-1" uid="Moby-Vis ep-M4-1" entityUid="Moby-Vis ep-M4*:*Défaut">
<Transform>
<Rotation>0 0.86694162789985008 0.49840968471164149 1.1031757105040011e-16 -0.49840968471164149 0.86694162789985008 1 0 -1.1638936616975484e-16</Rotation>
<Translation>-0.039244939437486755 0.1109709613350261 -0.0047499999999998472</Translation>
</Transform>
</Instance>
<Instance name="Moby-Vis-M3-22-1" uid="Moby-Vis-M3-22-1" entityUid="Moby-Vis-M3-22*:*Défaut">
<Transform>
<Rotation>0 -0.10934463396981396 0.99400389889678398 -1.9262884473278402e-16 -0.99400389889678398 -0.10934463396981396 1 -1.9299128433252667e-16 0</Rotation>
<Translation>0.013223837209302321 0.13324263565891478 -0.0089999999999998449</Translation>
</Transform>
</Instance>
<Instance name="Moby-Capot reducteur-H-1" uid="Moby-Capot reducteur-H-1" entityUid="Moby-Capot reducteur-H*:*Défaut">
<Transform>
<Rotation>0.9848077530122088 0 -0.17364817766692633 -0.17364817766692633 0 -0.9848077530122088 0 1 0</Rotation>
<Translation>-0.082039638327682532 0.13430104418791652 0.0057500000000001491</Translation>
</Transform>
</Instance>
<Instance name="Moby-Bride palier-1" uid="Moby-Bride palier-1" entityUid="Moby-Bride palier*:*Défaut">
<Transform>
<Rotation>0.98480775301220902 -0.173648177666926 0 -0.173648177666926 -0.98480775301220902 0 0 0 -1</Rotation>
<Translation>-0.059249731638297561 0.098296630476349137 0.0082500000000001513</Translation>
</Transform>
</Instance>
<Instance name="Moby-Capteur-Rour codee-H-1" uid="Moby-Capteur-Rour codee-H-1" entityUid="Moby-Capteur-Rour codee-H*:*Défaut">
<Transform>
<Rotation>-0.9848077530122078 -1.1587220823810916e-16 -0.17364817766693288 0.17364817766693291 0 -0.98480775301220769 1.1102230246251564e-16 -0.99999999999999989 0</Rotation>
<Translation>-0.061013182338115819 0.14557105521359218 0.0025000000000034231</Translation>
</Transform>
</Instance>
<Instance name="Moby-Vis-M2-7-2" uid="Moby-Vis-M2-7-2" entityUid="Moby-Vis-M2-7*:*Défaut">
<Transform>
<Rotation>0 -0.99834827100881451 -0.057451977979100413 1.0368360900750441e-16 0.057451977979100413 -0.99834827100881451 1 0 1.0171841247564628e-16</Rotation>
<Translation>-0.064173770403358935 0.099164871364683591 0.00075000000000015321</Translation>
</Transform>
</Instance>
<Instance name="Moby-Capteur-Top-H-1" uid="Moby-Capteur-Top-H-1" entityUid="Moby-Capteur-Top-H*:*Défaut">
<Transform>
<Rotation>-1.110223024625157e-16 1.0000000000000002 0 -1.0000000000000002 -1.1102230246251578e-16 0 0 0 1</Rotation>
<Translation>-0.10842616279069842 0.13124263565891414 -0.0002499999999998467</Translation>
</Transform>
</Instance>
<Instance name="Moby-Vis-M3-12-2" uid="Moby-Vis-M3-12-2" entityUid="Moby-Vis-M3-12*:*Défaut">
<Transform>
<Rotation>0 0.88112703297157025 -0.47287963771631908 0 0.47287963771631908 0.88112703297157025 1 0 0</Rotation>
<Translation>-0.099798324896445315 0.16027947853936361 -0.0032499999999998502</Translation>
</Transform>
</Instance>
<Instance name="Moby-Vis-M2-7-1" uid="Moby-Vis-M2-7-1" entityUid="Moby-Vis-M2-7*:*Défaut">
<Transform>
<Rotation>0 0.98610840565004509 -0.16610301714997988 0 0.16610301714997988 0.98610840565004509 1 0 0</Rotation>
<Translation>-0.10427616279069769 0.13049263565891472 -0.0062499999999998494</Translation>
</Transform>
</Instance>
</Instance>
<Instance name="Moby-Bielle-H-1" uid="Moby-Bielle-H-1" entityUid="Moby-Bielle-H*:*Défaut">
<Transform>
<Rotation>-0.061548671872657584 -0.99810408324518551 0 0 0 0.99999999999999989 -0.99810408324518551 0.061548671872657529 0</Rotation>
<Translation>-0.016185110585823836 -0.017510475265004301 -0.048315544400590563</Translation>
</Transform>
</Instance>
<Instance name="Moby-RH-Inter-1" uid="Moby-RH-Inter-1" entityUid="Moby-RH-Inter" rigid="true">
<Transform>
<Rotation>0.98459322043920272 -0.020554820800017363 0.17364817766691007 0.020871912042880164 0.99978215791625047 0 -0.17361034978604784 0.0036243694906701505 0.98480775301221157</Rotation>
<Translation>0.060709578686395163 0.015287062547465211 -0.12393970619577972</Translation>
</Transform>
<Instance name="Moby-Axe-3x48-1" uid="Moby-Axe-3x48-1" grounded="true" entityUid="Moby-Axe-3x48*:*Défaut">
<Transform>
<Rotation>1 0 0 0 1 0 0 0 1</Rotation>
<Translation>-0.0062761627906976758 -0.018410077519379842 -0.023999999999999855</Translation>
</Transform>
</Instance>
<Instance name="Moby-RH-1-1" uid="Moby-RH-1-1" entityUid="Moby-RH-1*:*Défaut">
<Transform>
<Rotation>0.54104575818238021 0.8409931554732496 0 -0.84099315547324971 0.54104575818238032 0 0 0 0.99999999999999978</Rotation>
<Translation>-0.0062761627906976619 -0.018410077519379842 0.0015000000000001262</Translation>
</Transform>
</Instance>
<Instance name="Moby-RH-2-1" uid="Moby-RH-2-1" entityUid="Moby-RH-2*:*Défaut">
<Transform>
<Rotation>0 -0.54104575818238043 -0.84099315547324927 0 0.84099315547324938 -0.54104575818238032 0.99999999999999989 0 0</Rotation>
<Translation>-0.0062761627906976619 -0.018410077519379842 -0.013499999999999873</Translation>
</Transform>
</Instance>
</Instance>
<Instance name="Moby-RH-4-1" uid="Moby-RH-4-1" entityUid="Moby-RH-4*:*Défaut">
<Transform>
<Rotation>0.54277484404490228 -0.83987824633814157 0 0 0 1 -0.83987824633814157 -0.54277484404490228 0</Rotation>
<Translation>0.039244939437486755 -0.015750000000000167 -0.11097096133502607</Translation>
</Transform>
</Instance>
<Instance name="Moby-RV-Partie fixe-1" uid="Moby-RV-Partie fixe-1" entityUid="Moby-RV-Partie fixe" rigid="true">
<Transform>
<Rotation>1 0 0 0 1 0 0 0 1</Rotation>
<Translation>0.33322342657342685 -0.014999999999999899 0.062592503636800842</Translation>
</Transform>
<Instance name="Moby-Capteur-Rour codee-V-1" uid="Moby-Capteur-Rour codee-V-1" entityUid="Moby-Capteur-Rour codee-V*:*Défaut">
<Transform>
<Rotation>1.0000000000000002 8.6042284408449632e-16 0 0 -1.6133189634987426e-16 1 8.6042284408449632e-16 -1.0000000000000002 -1.6133189634987418e-16</Rotation>
<Translation>-0.33867342657342642 0.00198952473499572 -0.00024999999999986144</Translation>
</Transform>
</Instance>
<Instance name="Moby-Vis-M3-12-17" uid="Moby-Vis-M3-12-17" entityUid="Moby-Vis-M3-12*:*Défaut">
<Transform>
<Rotation>0 -0.98717673832451214 -0.15963109756866867 1 0 0 0 -0.15963109756866867 0.98717673832451214</Rotation>
<Translation>-0.40292342657342661 -0.014510475265004274 -0.012500000000000726</Translation>
</Transform>
</Instance>
<Instance name="Moby-Vis-M4-20-2" uid="Moby-Vis-M4-20-2" entityUid="Moby-Vis-M4-20*:*Défaut">
<Transform>
<Rotation>-1.3877787807814454e-16 -0.38630346450744929 -0.92237174355546137 -2.8622937353617312e-16 -0.92237174355546137 0.38630346450744929 -1 3.1762026142392714e-16 0</Rotation>
<Translation>-0.34642342657342651 -0.0025104752650042736 -0.026999999999999857</Translation>
</Transform>
<VisualProperties>
<Ambient r="0" g="0" b="0" a="1"/>
<Diffuse r="0" g="0" b="0" a="1"/>
<Specular r="0" g="0" b="0" a="1"/>
<Emissive r="0" g="0" b="0" a="1"/>
<Shininess>0.20999999999999999</Shininess>
</VisualProperties>
</Instance>
<Instance name="Moby-Vis-M3-12-16" uid="Moby-Vis-M3-12-16" entityUid="Moby-Vis-M3-12*:*Défaut">
<Transform>
<Rotation>1.6808182992135427e-16 -0.35754559939854191 0.93389568172828463 -1 -2.2262724578136005e-16 0 1.7403477747465749e-16 -0.93389568172828463 -0.35754559939854191</Rotation>
<Translation>-0.34642342657342651 0.0074895247349957093 -0.062499999999999833</Translation>
</Transform>
<VisualProperties>
<Ambient r="0.75294117647058822" g="0.75294117647058822" b="0.75294117647058822" a="1"/>
<Diffuse r="0.59482352941176475" g="0.59482352941176475" b="0.59482352941176475" a="1"/>
<Specular r="0.66258823529411759" g="0.66258823529411759" b="0.66258823529411759" a="1"/>
<Emissive r="0.15811764705882353" g="0.15811764705882353" b="0.15811764705882353" a="1"/>
<Shininess>0.20999999999999999</Shininess>
</VisualProperties>
</Instance>
<Instance name="Moby-Vis-M3-12-18" uid="Moby-Vis-M3-12-18" entityUid="Moby-Vis-M3-12*:*Défaut">
<Transform>
<Rotation>0 -0.94741977567831437 -0.31999338845303171 1 0 2.3592239273284576e-16 -1.5959455978986625e-16 -0.31999338845303155 0.94741977567831437</Rotation>
<Translation>-0.40292342657342661 -0.01451047526500427 0.012499999999999289</Translation>
</Transform>
</Instance>
<Instance name="Moby-Rondelle silentbloc-2" uid="Moby-Rondelle silentbloc-2" entityUid="Moby-Rondelle silentbloc*:*Défaut">
<Transform>
<Rotation>0.27277316430274717 -0.96207837562033727 3.8857805861880479e-16 -1.5265566588595902e-16 2.7755575615628914e-16 1.0000000000000002 -0.96207837562033716 -0.27277316430274723 0</Rotation>
<Translation>-0.40942342657342651 -0.0095104752650042347 0.027000000000000135</Translation>
</Transform>
</Instance>
<Instance name="Moby-Rondelle silentbloc-3" uid="Moby-Rondelle silentbloc-3" entityUid="Moby-Rondelle silentbloc*:*Défaut">
<Transform>
<Rotation>-0.0084411216760905648 -0.99996437309778674 0 -1.7282182629418941e-16 0 1 -0.99996437309778674 0.0084411216760905371 -1.8041124150158794e-16</Rotation>
<Translation>-0.37442342657342648 -0.0095104752650042763 0</Translation>
</Transform>
</Instance>
<Instance name="Moby-Rondelle silentbloc-4" uid="Moby-Rondelle silentbloc-4" entityUid="Moby-Rondelle silentbloc*:*Défaut">
<Transform>
<Rotation>-0.022024915292856669 -0.99975742213116003 -2.2204460492503131e-16 -1.9298798670241979e-16 -2.2204460492503131e-16 1 -0.99975742213116015 0.02202491529285662 -1.3877787807814457e-16</Rotation>
<Translation>-0.37542342657342653 -0.0095104752650042833 0.030000000000000138</Translation>
</Transform>
</Instance>
<Instance name="Moby-Rondelle silentbloc-5" uid="Moby-Rondelle silentbloc-5" entityUid="Moby-Rondelle silentbloc*:*Défaut">
<Transform>
<Rotation>0.42863806924665876 -0.90347628944676606 0 0 0 1 -0.90347628944676606 -0.4286380692466587 0</Rotation>
<Translation>-0.40942342657342651 -0.0095104752650042902 -0.026999999999999871</Translation>
</Transform>
</Instance>
<Instance name="Moby-Rondelle silentbloc-6" uid="Moby-Rondelle silentbloc-6" entityUid="Moby-Rondelle silentbloc*:*Défaut">
<Transform>
<Rotation>-0.30701483197711454 0.95170472991682897 -2.0335265113781841e-15 1.1307743059208041e-16 2.1731981513978215e-15 1 0.95170472991682897 0.30701483197711454 -7.7482039084570244e-16</Rotation>
<Translation>-0.31742342657342643 -0.0095104752650042625 -0.029999999999999825</Translation>
</Transform>
</Instance>
<Instance name="Moby-Rondelle silentbloc-7" uid="Moby-Rondelle silentbloc-7" entityUid="Moby-Rondelle silentbloc*:*Défaut">
<Transform>
<Rotation>0.66382018074843563 -0.74789221658679805 1.6653345369377348e-16 0 0 1.0000000000000002 -0.74789221658679828 -0.66382018074843563 0</Rotation>
<Translation>-0.37542342657342653 -0.0095104752650042798 -0.029999999999999867</Translation>
</Transform>
</Instance>
<Instance name="Moby-Rondelle silentbloc-1" uid="Moby-Rondelle silentbloc-1" entityUid="Moby-Rondelle silentbloc*:*Défaut">
<Transform>
<Rotation>-0.31700853027906961 -0.9484226862165962 0 0 0 1 -0.94842268621659631 0.31700853027906956 0</Rotation>
<Translation>-0.31742342657342648 -0.009510475265004259 0.030000000000000138</Translation>
</Transform>
</Instance>
<Instance name="Moby-Guide linéaire annulaire-Animation-1" uid="Moby-Guide linéaire annulaire-Animation-1" entityUid="Moby-Guide linéaire annulaire-Animation*:*Défaut">
<Transform>
<Rotation>0 0 1 1.0668549377257364e-16 1 0 -1 1.0668549377257364e-16 0</Rotation>
<Translation>-0.44288384131098274 -0.0025604752650042854 0</Translation>
</Transform>
</Instance>
<Instance name="Moby-Capteur-Top-V-1" uid="Moby-Capteur-Top-V-1" entityUid="Moby-Capteur-Top-V*:*Défaut">
<Transform>
<Rotation>-0.99999999999999989 0 0 0 -1.1535911115245767e-16 -1.0000000000000002 0 -1 1.9428902930940239e-16</Rotation>
<Translation>-0.46067342657342653 0.0064895247349957309 0.02125000000000013</Translation>
</Transform>
</Instance>
<Instance name="Moby-Vis-M3-12-7" uid="Moby-Vis-M3-12-7" entityUid="Moby-Vis-M3-12*:*Défaut">
<Transform>
<Rotation>2.0946785972419946e-16 0.93109098790967515 -0.3647870231153858 -1 1.6653345369377348e-16 -1.1796119636642288e-16 0 0.36478702311538569 0.93109098790967515</Rotation>
<Translation>-0.36342342657342658 -0.030010475265004281 0.018500000000000141</Translation>
</Transform>
</Instance>
<Instance name="Moby-Vis-M3-12-9" uid="Moby-Vis-M3-12-9" entityUid="Moby-Vis-M3-12*:*Défaut">
<Transform>
<Rotation>-1.5742615544489527e-16 0.96356619279777966 0.26746998354430773 -1 -2.0934083885082921e-16 1.655797000352201e-16 2.1553939189011828e-16 -0.26746998354430773 0.96356619279777966</Rotation>
<Translation>-0.37542342657342653 0.0024895247349957204 -0.029999999999999874</Translation>
</Transform>
</Instance>
<Instance name="Moby-Vis-M3-12-10" uid="Moby-Vis-M3-12-10" entityUid="Moby-Vis-M3-12*:*Défaut">
<Transform>
<Rotation>0 -0.83582027556907712 0.54900315750242479 -1 -2.2774440285097376e-16 -2.4521789366058543e-16 3.2999048372254786e-16 -0.54900315750242479 -0.83582027556907712</Rotation>
<Translation>-0.37442342657342648 0.0024895247349957239 0</Translation>
</Transform>
</Instance>
<Instance name="Moby-Vis-M3-12-11" uid="Moby-Vis-M3-12-11" entityUid="Moby-Vis-M3-12*:*Défaut">
<Transform>
<Rotation>0 0.65851008813457768 -0.75257189943884495 -1 0 0 0 0.75257189943884495 0.65851008813457768</Rotation>
<Translation>-0.40942342657342651 0.0024895247349957118 -0.026999999999999864</Translation>
</Transform>
</Instance>
<Instance name="Moby-Vis-M3-12-14" uid="Moby-Vis-M3-12-14" entityUid="Moby-Vis-M3-12*:*Défaut">
<Transform>
<Rotation>0 -0.54010113189169751 -0.84160012317567245 -1 2.3352690160382052e-16 -2.0139758314581976e-16 3.0531133177191805e-16 0.84160012317567245 -0.54010113189169751</Rotation>
<Translation>-0.40942342657342651 0.0024895247349957655 0.027000000000000121</Translation>
</Transform>
</Instance>
