<?xml version="1.0" encoding="UTF-8" standalone="no" ?>
<SimscapeMultibodyImportXML version="2.0" xmlns="urn:mathworks:SimscapeMultibody:import" xmlns:xsi="http://www.w3.org/2001/XMLSchema-instance">
<Created by="" on="11/07/19||16:02:38" using="Simscape Multibody Link Version 6.1" from="SolidWorks 25.5.0"/>
<ModelUnits mass="kilogram" length="millimeter"/>
<DataUnits mass="kilogram" length="meter"/>
<RootAssembly name="Plateforme_Stewart" uid="Plateforme_Stewart" version="671">
<AssemblyFile name="Plateforme_Stewart.SLDASM" type="SolidWorks Assembly"/>
<InstanceTree>
<Instance name="corps_verin-1" uid="corps_verin-1" entityUid="corps_verin" rigid="true">
<Transform>
<Rotation>0.32715973120548958 0.27669319776019446 -0.90355264627512955 -0.37378431402621198 0.91608149230263136 0.14518948325735553 0.8679007989773404 0.29023365375817756 0.40312855190456598</Rotation>
<Translation>0.20232506555712576 0.2409162614662162 0.3933618386831238</Translation>
</Transform>
<Instance name="tube_inf-1" uid="tube_inf-1" entityUid="tube_inf*:*Défaut">
<Transform>
<Rotation>1 0 0 0 1 0 0 0 1</Rotation>
<Translation>-0.3855870471400733 -0.13373646344618062 0.013096795646989415</Translation>
</Transform>
</Instance>
<Instance name="embout_inf-1" uid="embout_inf-1" entityUid="embout_inf*:*Défaut">
<Transform>
<Rotation>1 0 0 0 1 0 0 0 1</Rotation>
<Translation>-0.38558704714007341 -0.13373646344618056 0.013096795646989401</Translation>
</Transform>
</Instance>
<Instance name="sphere-1" uid="sphere-1" entityUid="sphere*:*Défaut">
<Transform>
<Rotation>1 0 0 0 1 0 0 0 1</Rotation>
<Translation>-0.40258704714007337 -0.13373646344618056 0.013096795646989394</Translation>
</Transform>
</Instance>
<Instance name="boitier-1" uid="boitier-1" grounded="true" entityUid="boitier*:*Défaut">
<Transform>
<Rotation>1 0 0 0 1 0 0 0 1</Rotation>
<Translation>-0.27158704714007337 -0.13373646344618062 0.013096795646989401</Translation>
</Transform>
</Instance>
<Instance name="tube_sup-1" uid="tube_sup-1" entityUid="tube_sup*:*Défaut">
<Transform>
<Rotation>1 0 0 0 1 0 0 0 1</Rotation>
<Translation>-0.25858704714007336 -0.13373646344618056 0.013096795646989408</Translation>
</Transform>
</Instance>
<Instance name="couvercle-1" uid="couvercle-1" entityUid="couvercle*:*Défaut">
<Transform>
<Rotation>0.99999999999999989 2.7755575615628933e-16 0 0 2.2204460492503141e-16 0.99999999999999989 2.7755575615628914e-16 -1 2.2204460492503136e-16</Rotation>
<Translation>-0.27158704714007337 -0.11773646344618061 0.0068467956469894023</Translation>
</Transform>
</Instance>
<Instance name="palier-1" uid="palier-1" entityUid="palier*:*Défaut">
<Transform>
<Rotation>-1 -2.9792146374733247e-16 0 2.7755575615628918e-16 -0.89474112086726099 0.4465851840681655 -1.1102230246251568e-16 0.4465851840681655 0.89474112086726099</Rotation>
<Translation>-0.047394074789842977 -0.13373646344618062 0.013096795646989456</Translation>
</Transform>
</Instance>
</Instance>
<Instance name="tige_verin-7" uid="tige_verin-7" entityUid="tige_verin" rigid="true">
<Transform>
<Rotation>-0.15195639198547206 -0.19457928368497718 -0.96904497176106263 0.45698892886150955 0.8555096776411707 -0.243442622316452 0.87639624247983183 -0.47983548620640976 -0.041079585493169021</Rotation>
<Translation>0.16464378870572224 0.126306531864392 0.47699173213611762</Translation>
</Transform>
<Instance name="embout_sup-1" uid="embout_sup-1" entityUid="embout_sup*:*Défaut">
<Transform>
<Rotation>-1 0 2.2385742023033158e-16 2.2204460492503136e-16 -0.54672382648725792 0.83731299855617347 0 0.83731299855617347 0.54672382648725792</Rotation>
<Translation>-0.12140044094211083 0 0</Translation>
</Transform>
</Instance>
<Instance name="tige-1" uid="tige-1" entityUid="tige*:*Défaut">
<Transform>
<Rotation>0.99999999999999978 0 0 0 0.69303475340470966 0.72090417572190069 0 -0.72090417572190069 0.69303475340470966</Rotation>
<Translation>-0.28140044094211092 0 0</Translation>
</Transform>
</Instance>
<Instance name="ecrou-1" uid="ecrou-1" entityUid="ecrou*:*Défaut">
<Transform>
<Rotation>1 0 0 0 1 0 0 0 1</Rotation>
<Translation>-0.28640044094211092 0 0</Translation>
</Transform>
</Instance>
<Instance name="sphere-1" uid="sphere-1" entityUid="sphere*:*Défaut">
<Transform>
<Rotation>1 0 0 0 1 0 0 0 1</Rotation>
<Translation>-0.10940044094211082 0 0</Translation>
</Transform>
</Instance>
</Instance>
<Instance name="table_pltf-1" uid="table_pltf-1" entityUid="table_pltf" rigid="true">
<Transform>
<Rotation>-0.50668920588028021 -0.86210374538926737 0.0065712122327970029 -0.86208939031434539 0.50672420085900349 0.0056980146757179134 -0.0082420720605583947 -0.0027778498162644391 -0.99996217518391517</Rotation>
<Translation>-0.25638983673763072 -0.31318580201414042 0.38501843997464247</Translation>
</Transform>
<Instance name="ext_sph-6" uid="ext_sph-6" entityUid="ext_sph*:*Défaut">
<Transform>
<Rotation>-0.24999999999999639 0.12309451738182707 -0.96038936884502057 -0.4330127018922223 0.87295596645800888 0.22460605651976803 0.86602540378443826 0.47201230960208967 -0.16493750205487498</Rotation>
<Translation>-0.23863105184862621 -0.1779791253812642 0.0051028856829702374</Translation>
</Transform>
</Instance>
<Instance name="ext_sph-4" uid="ext_sph-4" entityUid="ext_sph*:*Défaut">
<Transform>
<Rotation>0.2500000000000025 0.43301270189221891 -0.86602540378443815 -0.43301270189221897 0.85000000000000075 0.29999999999999888 0.86602540378443826 0.29999999999999905 0.40000000000000197</Rotation>
<Translation>-0.55863095932455786 -0.17797912538126642 0.0051028856829702374</Translation>
</Transform>
</Instance>
<Instance name="ext_sph-1" uid="ext_sph-1" entityUid="ext_sph*:*Défaut">
<Transform>
<Rotation>0.50000000000000122 -0.33611551122169325 0.79813931310027486 0 0.92161189453853409 0.38811276176530685 -0.86602540378443793 -0.19405638088265398 0.46080594726926821</Rotation>
<Translation>-0.4163810055865928 0.12989282553590814 0.0051028856829702374</Translation>
</Transform>
</Instance>
<Instance name="ext_sph-5" uid="ext_sph-5" entityUid="ext_sph*:*Défaut">
<Transform>
<Rotation>0.24999999999999642 0.1631054189621404 -0.95440904349507649 0.4330127018922223 0.86281151757741525 0.26087599570630327 0.86602540378443826 -0.47849023756074938 0.14507616123629141</Rotation>
<Translation>-0.22088105184862647 -0.14723522354691648 0.0051028856829702929</Translation>
</Transform>
</Instance>
<Instance name="ext_sph-2" uid="ext_sph-2" entityUid="ext_sph*:*Défaut">
<Transform>
<Rotation>0.50000000000000078 0.63181007619190943 -0.59229724600269151 0 0.68392594883985625 0.72955143513223397 0.86602540378443815 -0.3647757175661176 0.34196297441992862</Rotation>
<Translation>-0.38088100558659271 0.12989282553590814 0.0051028856829703484</Translation>
</Transform>
</Instance>
<Instance name="ext_sph-3" uid="ext_sph-3" entityUid="ext_sph*:*Défaut">
<Transform>
<Rotation>0.25000000000000255 -0.44699925033306831 0.85888978932204896 -0.43301270189221885 0.74179337420941782 0.51209627022563531 -0.86602540378443826 -0.49993425585838913 -0.0081080095781618424</Rotation>
<Translation>-0.57638095932455802 -0.14723522354691895 0.0051028856829701819</Translation>
</Transform>
</Instance>
<Instance name="table3-1" uid="table3-1" grounded="true" entityUid="table3*:*Défaut">
<Transform>
<Rotation>1 0 0 0 1 0 0 0 1</Rotation>
<Translation>-0.39863100558659276 -0.065107174464091894 -0.012547005383792331</Translation>
</Transform>
</Instance>
</Instance>
<Instance name="corps_verin-3" uid="corps_verin-3" entityUid="corps_verin" rigid="true">
<Transform>
<Rotation>0.16320269430070317 0.1163278350890479 -0.97971052630687139 0.46351373084637604 0.86756771345406436 0.18022564714534897 0.87093048051487121 -0.48352259239417333 0.087669839480597117</Rotation>
<Translation>-0.15209095514756582 0.18135896622653136 0.29153581592684358</Translation>
</Transform>
<Instance name="tube_inf-1" uid="tube_inf-1" entityUid="tube_inf*:*Défaut">
<Transform>
<Rotation>1 0 0 0 1 0 0 0 1</Rotation>
<Translation>-0.3855870471400733 -0.13373646344618062 0.013096795646989456</Translation>
</Transform>
</Instance>
<Instance name="embout_inf-1" uid="embout_inf-1" entityUid="embout_inf*:*Défaut">
<Transform>
<Rotation>1 0 0 0 1 0 0 0 1</Rotation>
<Translation>-0.38558704714007341 -0.13373646344618062 0.013096795646989456</Translation>
</Transform>
</Instance>
<Instance name="sphere-1" uid="sphere-1" entityUid="sphere*:*Défaut">
<Transform>
<Rotation>1 0 0 0 1 0 0 0 1</Rotation>
<Translation>-0.40258704714007337 -0.13373646344618062 0.013096795646989456</Translation>
</Transform>
</Instance>
<Instance name="boitier-1" uid="boitier-1" grounded="true" entityUid="boitier*:*Défaut">
<Transform>
<Rotation>1 0 0 0 1 0 0 0 1</Rotation>
<Translation>-0.27158704714007337 -0.13373646344618059 0.013096795646989484</Translation>
</Transform>
</Instance>
<Instance name="tube_sup-1" uid="tube_sup-1" entityUid="tube_sup*:*Défaut">
<Transform>
<Rotation>1 0 0 0 1 0 0 0 1</Rotation>
<Translation>-0.25858704714007341 -0.13373646344618059 0.013096795646989456</Translation>
</Transform>
</Instance>
<Instance name="couvercle-1" uid="couvercle-1" entityUid="couvercle*:*Défaut">
<Transform>
<Rotation>1 2.4980018054066022e-16 0 0 1.9428902930940239e-16 1 1.9428902930940239e-16 -1.0000000000000002 1.8735013540549517e-16</Rotation>
<Translation>-0.27158704714007331 -0.11773646344618059 0.0068467956469894509</Translation>
</Transform>
</Instance>
<Instance name="palier-1" uid="palier-1" entityUid="palier*:*Défaut">
<Transform>
<Rotation>-0.99999999999999989 -1.8627720984792714e-16 1.239958855984321e-16 2.2204460492503131e-16 -0.89474112086726099 0.44658518406816572 0 0.44658518406816577 0.89474112086726088</Rotation>
<Translation>-0.047394074789842977 -0.13373646344618068 0.013096795646989484</Translation>
</Transform>
</Instance>
</Instance>
<Instance name="corps_verin-4" uid="corps_verin-4" entityUid="corps_verin" rigid="true">
<Transform>
<Rotation>0.48301473110307147 0.80724068145942884 0.33920384982241086 -0.10196893572304341 -0.33289766559118111 0.93743345384696619 0.86965458987171296 -0.48738242319646619 -0.078481003269602334</Rotation>
<Translation>0.071899508855138405 -0.25159431990429809 0.29268200239341469</Translation>
</Transform>
<Instance name="tube_inf-1" uid="tube_inf-1" entityUid="tube_inf*:*Défaut">
<Transform>
<Rotation>1 0 0 0 1 0 0 0 1</Rotation>
<Translation>-0.38558704714007336 -0.13373646344618065 0.013096795646989429</Translation>
</Transform>
</Instance>
<Instance name="embout_inf-1" uid="embout_inf-1" entityUid="embout_inf*:*Défaut">
<Transform>
<Rotation>1 0 0 0 1 0 0 0 1</Rotation>
<Translation>-0.38558704714007347 -0.13373646344618068 0.013096795646989456</Translation>
</Transform>
</Instance>
<Instance name="sphere-1" uid="sphere-1" entityUid="sphere*:*Défaut">
<Transform>
<Rotation>1 0 0 0 1 0 0 0 1</Rotation>
<Translation>-0.40258704714007343 -0.13373646344618062 0.013096795646989456</Translation>
</Transform>
</Instance>
<Instance name="boitier-1" uid="boitier-1" grounded="true" entityUid="boitier*:*Défaut">
<Transform>
<Rotation>1 0 0 0 1 0 0 0 1</Rotation>
<Translation>-0.27158704714007337 -0.13373646344618068 0.013096795646989429</Translation>
</Transform>
</Instance>
<Instance name="tube_sup-1" uid="tube_sup-1" entityUid="tube_sup*:*Défaut">
<Transform>
<Rotation>1 0 0 0 1 0 0 0 1</Rotation>
<Translation>-0.25858704714007341 -0.13373646344618062 0.013096795646989429</Translation>
</Transform>
</Instance>
<Instance name="couvercle-1" uid="couvercle-1" entityUid="couvercle*:*Défaut">
<Transform>
<Rotation>0.99999999999999989 4.9960036108132044e-16 0 0 1.5265566588595902e-16 1.0000000000000002 2.3592239273284576e-16 -1 1.5959455978986625e-16</Rotation>
<Translation>-0.27158704714007337 -0.11773646344618063 0.0068467956469894231</Translation>
</Transform>
</Instance>
<Instance name="palier-1" uid="palier-1" entityUid="palier*:*Défaut">
<Transform>
<Rotation>-0.99999999999999989 -2.7755575615628914e-16 1.1102230246251565e-16 1.6653345369377348e-16 -0.8947411208672611 0.44658518406816572 0 0.44658518406816566 0.89474112086726099</Rotation>
<Translation>-0.047394074789843033 -0.13373646344618068 0.013096795646989429</Translation>
</Transform>
</Instance>
</Instance>
<Instance name="tige_verin-5" uid="tige_verin-5" entityUid="tige_verin" rigid="true">
<Transform>
<Rotation>0.48301473110306997 -0.40285547719774389 -0.77743439210598775 -0.10196893572304462 0.85595475927493003 -0.50689622825792069 0.86965458987171373 0.32411250294669974 0.37236001362752025</Rotation>
<Translation>0.033111527383803588 -0.20846087557761919 0.47337420575189615</Translation>
</Transform>
<Instance name="embout_sup-1" uid="embout_sup-1" entityUid="embout_sup*:*Défaut">
<Transform>
<Rotation>-1 0 1.1102230246251565e-16 0 -0.54672382648725781 0.83731299855617336 -1.1102230246251565e-16 0.83731299855617347 0.54672382648725781</Rotation>
<Translation>-0.12140044094211089 0 0</Translation>
</Transform>
</Instance>
<Instance name="tige-1" uid="tige-1" entityUid="tige*:*Défaut">
<Transform>
<Rotation>1 0 -1.9544991245778634e-16 1.1102230246251565e-16 0.69303475340470966 0.72090417572190069 1.6653345369377348e-16 -0.72090417572190069 0.69303475340470966</Rotation>
<Translation>-0.28140044094211092 0 0</Translation>
</Transform>
</Instance>
<Instance name="ecrou-1" uid="ecrou-1" entityUid="ecrou*:*Défaut">
<Transform>
<Rotation>1 0 0 0 1 0 0 0 1</Rotation>
<Translation>-0.28640044094211092 0 0</Translation>
</Transform>
</Instance>
<Instance name="sphere-1" uid="sphere-1" entityUid="sphere*:*Défaut">
<Transform>
<Rotation>1 0 0 0 1 0 0 0 1</Rotation>
<Translation>-0.10940044094211088 0 0</Translation>
</Transform>
</Instance>
</Instance>
<Instance name="embase_pltf-1" uid="embase_pltf-1" entityUid="embase_pltf" rigid="true">
<Transform>
<Rotation>-1 -4.5655753483364592e-16 -3.708509105027971e-16 -5.0930397052506571e-16 1 -3.6935310590370368e-16 2.8622937353617317e-16 -3.1710203039769796e-16 -1</Rotation>
<Translation>0 0 0</Translation>
</Transform>
<Instance name="embase-1" uid="embase-1" entityUid="embase*:*Défaut">
<Transform>
<Rotation>1 0 0 0 1 0 0 0 1</Rotation>
<Translation>0 0 0</Translation>
</Transform>
</Instance>
<Instance name="ext_sph-1" uid="ext_sph-1" entityUid="ext_sph*:*Défaut">
<Transform>
<Rotation>0.37292593686174519 -0.41885717261919075 -0.82794016363578293 0.41885717261919075 0.87221355038599602 -0.25259095682251348 0.82794016363578293 -0.25259095682251392 0.50071238647574901</Rotation>
<Translation>-0.020111591903521783 0.27265573361842088 -0.0067232809872821717</Translation>
</Transform>
</Instance>
<Instance name="ext_sph-2" uid="ext_sph-2" entityUid="ext_sph*:*Défaut">
<Transform>
<Rotation>0.37292593686174502 0.41885717261919059 0.82794016363578316 -0.4188571726191907 0.87221355038599602 -0.25259095682251376 -0.82794016363578293 -0.2525909568225137 0.50071238647574912</Rotation>
<Translation>0.020111591903521756 0.27265573361842088 -0.0067232809872821691</Translation>
</Transform>
</Instance>
<Instance name="ext_sph-3" uid="ext_sph-3" entityUid="ext_sph*:*Défaut">
<Transform>
<Rotation>0.17627798361467539 0.53239192136197655 -0.82794016363578304 -0.53239192136197666 0.75903556652442916 0.37473170511639631 0.82794016363578304 0.37473170511639642 0.41724241709024601</Rotation>
<Translation>0.24618258775279722 -0.11891071731021285 -0.0067232809872821188</Translation>
</Transform>
</Instance>
<Instance name="ext_sph-4" uid="ext_sph-4" entityUid="ext_sph*:*Défaut">
<Transform>
<Rotation>0.54920392047641442 -0.11353474874279267 -0.82794016363578304 0.11353474874279251 0.99167950777704916 -0.06067631072321851 0.82794016363578304 -0.060676310723218559 0.55752441269936515</Rotation>
<Translation>0.22607099584927581 -0.15374501630820361 -0.0067232809872821162</Translation>
</Transform>
</Instance>
<Instance name="ext_sph-6" uid="ext_sph-6" entityUid="ext_sph*:*Défaut">
<Transform>
<Rotation>0.17627798361466795 -0.54841898106488229 0.81741219326634895 0.53239192136197977 0.75159185477017876 0.38944643522777628 -0.8279401636357826 0.36653281578990832 0.42446293170060728</Rotation>
<Translation>-0.24618258775279567 -0.11891071731021631 -0.0067232809872821561</Translation>
</Transform>
</Instance>
<Instance name="ext_sph-5" uid="ext_sph-5" entityUid="ext_sph*:*Défaut">
<Transform>
<Rotation>0.54920392047641609 0.11353474874278498 0.82794016363578304 -0.113534748742785 0.99167950777705016 -0.060676310723214472 -0.82794016363578293 -0.060676310723214423 0.55752441269936603</Rotation>
<Translation>-0.2260709958492737 -0.15374501630820678 -0.0067232809872821613</Translation>
</Transform>
</Instance>
</Instance>
<Instance name="corps_verin-5" uid="corps_verin-5" entityUid="corps_verin" rigid="true">
<Transform>
<Rotation>-0.48175782951587648 0.65633133837745816 0.5806363474359888 -0.10269847352008808 -0.70031754424141257 0.7064052383471694 0.87026571645492001 0.28068578783282222 0.40478768666039305</Rotation>
<Translation>0.1122924902837824 -0.29799972821520837 0.38931748899386664</Translation>
</Transform>
<Instance name="tube_inf-1" uid="tube_inf-1" entityUid="tube_inf*:*Défaut">
<Transform>
<Rotation>1 0 0 0 1 0 0 0 1</Rotation>
<Translation>-0.3855870471400733 -0.13373646344618062 0.013096795646989408</Translation>
</Transform>
</Instance>
<Instance name="embout_inf-1" uid="embout_inf-1" entityUid="embout_inf*:*Défaut">
<Transform>
<Rotation>1 0 0 0 1 0 0 0 1</Rotation>
<Translation>-0.3855870471400733 -0.13373646344618062 0.013096795646989477</Translation>
</Transform>
</Instance>
<Instance name="sphere-1" uid="sphere-1" entityUid="sphere*:*Défaut">
<Transform>
<Rotation>1 0 0 0 1 0 0 0 1</Rotation>
<Translation>-0.40258704714007332 -0.13373646344618062 0.013096795646989429</Translation>
</Transform>
</Instance>
<Instance name="boitier-1" uid="boitier-1" grounded="true" entityUid="boitier*:*Défaut">
<Transform>
<Rotation>1 0 0 0 1 0 0 0 1</Rotation>
<Translation>-0.27158704714007326 -0.13373646344618062 0.013096795646989463</Translation>
</Transform>
</Instance>
<Instance name="tube_sup-1" uid="tube_sup-1" entityUid="tube_sup*:*Défaut">
<Transform>
<Rotation>1 0 0 0 1 0 0 0 1</Rotation>
<Translation>-0.2585870471400733 -0.13373646344618062 0.013096795646989477</Translation>
</Transform>
</Instance>
<Instance name="couvercle-1" uid="couvercle-1" entityUid="couvercle*:*Défaut">
<Transform>
<Rotation>1 2.7755575615628923e-16 0 0 2.6367796834847473e-16 1 2.7755575615628918e-16 -1 2.6367796834847473e-16</Rotation>
<Translation>-0.27158704714007331 -0.11773646344618061 0.0068467956469894647</Translation>
</Transform>
</Instance>
<Instance name="palier-1" uid="palier-1" entityUid="palier*:*Défaut">
<Transform>
<Rotation>-1 -2.9800865803972614e-16 1.487427461426824e-16 3.3306690738754711e-16 -0.8947411208672611 0.44658518406816561 0 0.44658518406816561 0.8947411208672611</Rotation>
<Translation>-0.047394074789843033 -0.13373646344618068 0.013096795646989498</Translation>
</Transform>
</Instance>
</Instance>
<Instance name="corps_verin-2" uid="corps_verin-2" entityUid="corps_verin" rigid="true">
<Transform>
<Rotation>-0.31855482732195628 -0.69362894119574725 0.6460663386414317 -0.37236817365112701 -0.5352111367401754 -0.75821565689519577 0.87170222280409659 -0.48210780023243316 -0.087791250779570895</Rotation>
<Translation>-0.24958251953830776 0.061098081029334457 0.29433369671957194</Translation>
</Transform>
<Instance name="tube_inf-1" uid="tube_inf-1" entityUid="tube_inf*:*Défaut">
<Transform>
<Rotation>1 0 0 0 1 0 0 0 1</Rotation>
<Translation>-0.38558704714007341 -0.13373646344618056 0.013096795646989429</Translation>
</Transform>
</Instance>
<Instance name="embout_inf-1" uid="embout_inf-1" entityUid="embout_inf*:*Défaut">
<Transform>
<Rotation>1 0 0 0 1 0 0 0 1</Rotation>
<Translation>-0.38558704714007352 -0.13373646344618059 0.013096795646989456</Translation>
</Transform>
</Instance>
<Instance name="sphere-1" uid="sphere-1" entityUid="sphere*:*Défaut">
<Transform>
<Rotation>1 0 0 0 1 0 0 0 1</Rotation>
<Translation>-0.40258704714007348 -0.13373646344618054 0.013096795646989512</Translation>
</Transform>
</Instance>
<Instance name="boitier-1" uid="boitier-1" grounded="true" entityUid="boitier*:*Défaut">
<Transform>
<Rotation>1 0 0 0 1 0 0 0 1</Rotation>
<Translation>-0.27158704714007342 -0.13373646344618054 0.013096795646989456</Translation>
</Transform>
</Instance>
<Instance name="tube_sup-1" uid="tube_sup-1" entityUid="tube_sup*:*Défaut">
<Transform>
<Rotation>1 0 0 0 1 0 0 0 1</Rotation>
<Translation>-0.25858704714007341 -0.13373646344618054 0.013096795646989484</Translation>
</Transform>
</Instance>
<Instance name="couvercle-1" uid="couvercle-1" entityUid="couvercle*:*Défaut">
<Transform>
<Rotation>1 3.0531133177191805e-16 0 0 2.0816681711721685e-16 1 2.9143354396410359e-16 -0.99999999999999989 1.6653345369377348e-16</Rotation>
<Translation>-0.27158704714007337 -0.11773646344618058 0.0068467956469894509</Translation>
</Transform>
</Instance>
<Instance name="palier-1" uid="palier-1" entityUid="palier*:*Défaut">
<Transform>
<Rotation>-1 -1.6653345369377348e-16 0 1.6653345369377348e-16 -0.89474112086726088 0.44658518406816561 0 0.44658518406816572 0.89474112086726088</Rotation>
<Translation>-0.047394074789843033 -0.13373646344618065 0.013096795646989456</Translation>
</Transform>
</Instance>
</Instance>
<Instance name="tige_verin-1" uid="tige_verin-1" entityUid="tige_verin" rigid="true">
<Transform>
<Rotation>0.32715973120549013 -0.94381982366077988 -0.046590242996638137 -0.37378431402621159 -0.083968828199211282 -0.92370694621119187 0.8679007989773404 0.31961441825391057 -0.38025626461467854</Rotation>
<Translation>0.19732893819470124 0.070214801802105625 0.47613094077180612</Translation>
</Transform>
<Instance name="embout_sup-1" uid="embout_sup-1" entityUid="embout_sup*:*Défaut">
<Transform>
<Rotation>-1 -1.1102230246251565e-16 0 1.1102230246251565e-16 -0.54672382648725781 0.83731299855617347 0 0.83731299855617336 0.54672382648725792</Rotation>
<Translation>-0.12140044094211089 0 0</Translation>
</Transform>
</Instance>
<Instance name="tige-1" uid="tige-1" entityUid="tige*:*Défaut">
<Transform>
<Rotation>0.99999999999999989 0 0 0 0.69303475340470966 0.72090417572190091 0 -0.7209041757219008 0.69303475340470966</Rotation>
<Translation>-0.28140044094211092 0 0</Translation>
</Transform>
</Instance>
<Instance name="ecrou-1" uid="ecrou-1" entityUid="ecrou*:*Défaut">
<Transform>
<Rotation>1 0 0 0 1 0 0 0 1</Rotation>
<Translation>-0.28640044094211092 0 0</Translation>
</Transform>
</Instance>
<Instance name="sphere-1" uid="sphere-1" entityUid="sphere*:*Défaut">
<Transform>
<Rotation>1 0 0 0 1 0 0 0 1</Rotation>
<Translation>-0.10940044094211088 0 0</Translation>
</Transform>
</Instance>
</Instance>
<Instance name="tige_verin-6" uid="tige_verin-6" entityUid="tige_verin" rigid="true">
<Transform>
<Rotation>-0.4817578295158762 0.85821472558277434 -0.17713519834588262 -0.10269847352008765 0.14545184171854911 0.98402072400804941 0.87026571645492035 0.49225120267355904 0.01806477870439685</Rotation>
<Translation>-0.032437082270960246 -0.20885234075426382 0.47370213225113289</Translation>
</Transform>
<Instance name="embout_sup-1" uid="embout_sup-1" entityUid="embout_sup*:*Défaut">
<Transform>
<Rotation>-1 0 1.6220257723264876e-16 1.6653345369377348e-16 -0.54672382648725804 0.83731299855617358 0 0.83731299855617358 0.54672382648725804</Rotation>
<Translation>-0.12140044094211083 0 0</Translation>
</Transform>
</Instance>
<Instance name="tige-1" uid="tige-1" entityUid="tige*:*Défaut">
<Transform>
<Rotation>1 0 0 0 0.69303475340470966 0.7209041757219008 0 -0.7209041757219008 0.69303475340470955</Rotation>
<Translation>-0.28140044094211097 0 0</Translation>
</Transform>
</Instance>
<Instance name="ecrou-1" uid="ecrou-1" entityUid="ecrou*:*Défaut">
<Transform>
<Rotation>1 0 0 0 1 0 0 0 1</Rotation>
<Translation>-0.28640044094211092 0 0</Translation>
</Transform>
</Instance>
<Instance name="sphere-1" uid="sphere-1" entityUid="sphere*:*Défaut">
<Transform>
<Rotation>1 0 0 0 1 0 0 0 1</Rotation>
<Translation>-0.10940044094211088 0 0</Translation>
</Transform>
</Instance>
</Instance>
<Instance name="corps_verin-6" uid="corps_verin-6" entityUid="corps_verin" rigid="true">
<Transform>
<Rotation>-0.15195639198547212 -0.11844335994566592 -0.98126470710993119 0.45698892886150921 0.87188416737144514 -0.17600885655276605 0.87639624247983183 -0.47517277823101695 -0.078361068110694279</Rotation>
<Translation>0.18201813987611043 0.18397496324115062 0.29702740838110653</Translation>
</Transform>
<Instance name="tube_inf-1" uid="tube_inf-1" entityUid="tube_inf*:*Défaut">
<Transform>
<Rotation>1 0 0 0 1 0 0 0 1</Rotation>
<Translation>-0.38558704714007341 -0.13373646344618051 0.013096795646989429</Translation>
</Transform>
</Instance>
<Instance name="embout_inf-1" uid="embout_inf-1" entityUid="embout_inf*:*Défaut">
<Transform>
<Rotation>1 0 0 0 1 0 0 0 1</Rotation>
<Translation>-0.38558704714007347 -0.13373646344618054 0.013096795646989456</Translation>
</Transform>
</Instance>
<Instance name="sphere-1" uid="sphere-1" entityUid="sphere*:*Défaut">
<Transform>
<Rotation>1 0 0 0 1 0 0 0 1</Rotation>
<Translation>-0.40258704714007348 -0.13373646344618051 0.013096795646989401</Translation>
</Transform>
</Instance>
<Instance name="boitier-1" uid="boitier-1" grounded="true" entityUid="boitier*:*Défaut">
<Transform>
<Rotation>1 0 0 0 1 0 0 0 1</Rotation>
<Translation>-0.27158704714007342 -0.13373646344618054 0.013096795646989429</Translation>
</Transform>
</Instance>
<Instance name="tube_sup-1" uid="tube_sup-1" entityUid="tube_sup*:*Défaut">
<Transform>
<Rotation>1 0 0 0 1 0 0 0 1</Rotation>
<Translation>-0.25858704714007341 -0.13373646344618054 0.013096795646989401</Translation>
</Transform>
</Instance>
<Instance name="couvercle-1" uid="couvercle-1" entityUid="couvercle*:*Défaut">
<Transform>
<Rotation>1 2.3592239273284576e-16 0 -2.7755575615628914e-16 1.9428902930940239e-16 0.99999999999999978 2.2204460492503131e-16 -1 2.0816681711721685e-16</Rotation>
<Translation>-0.27158704714007342 -0.11773646344618054 0.0068467956469894231</Translation>
</Transform>
</Instance>
<Instance name="palier-1" uid="palier-1" entityUid="palier*:*Défaut">
<Transform>
<Rotation>-1 -3.4147915329040188e-16 1.8595023125145128e-16 3.8857805861880469e-16 -0.89474112086726099 0.44658518406816566 0 0.44658518406816566 0.89474112086726099</Rotation>
<Translation>-0.047394074789843033 -0.13373646344618065 0.013096795646989401</Translation>
</Transform>
</Instance>
</Instance>
<Instance name="tige_verin-2" uid="tige_verin-2" entityUid="tige_verin" rigid="true">
<Transform>
<Rotation>-0.31855482732195528 -0.15221686427613954 0.93560293299017538 -0.3723681736511284 -0.88758039441374759 -0.27118810206950372 0.87170222280409659 -0.43477703444671023 0.22606230352741655</Rotation>
<Translation>-0.19104601401696258 0.072845424317527094 0.47447295209625334</Translation>
</Transform>
<Instance name="embout_sup-1" uid="embout_sup-1" entityUid="embout_sup*:*Défaut">
<Transform>
<Rotation>-1.0000000000000002 0 0 1.6653345369377348e-16 -0.54672382648725804 0.83731299855617358 0 0.83731299855617358 0.54672382648725792</Rotation>
<Translation>-0.12140044094211094 0 0</Translation>
</Transform>
</Instance>
<Instance name="tige-1" uid="tige-1" entityUid="tige*:*Défaut">
<Transform>
<Rotation>1.0000000000000002 0 0 0 0.69303475340470977 0.72090417572190069 0 -0.7209041757219008 0.69303475340470966</Rotation>
<Translation>-0.28140044094211103 0 0</Translation>
</Transform>
</Instance>
<Instance name="ecrou-1" uid="ecrou-1" entityUid="ecrou*:*Défaut">
<Transform>
<Rotation>1 0 0 0 1 0 0 0 1</Rotation>
<Translation>-0.28640044094211109 0 0</Translation>
</Transform>
</Instance>
<Instance name="sphere-1" uid="sphere-1" entityUid="sphere*:*Défaut">
<Transform>
<Rotation>1 0 0 0 1 0 0 0 1</Rotation>
<Translation>-0.10940044094211093 0 0</Translation>
</Transform>
</Instance>
</Instance>
<Instance name="tige_verin-4" uid="tige_verin-4" entityUid="tige_verin" rigid="true">
<Transform>
<Rotation>0.16320269430070228 -0.57346601070732639 -0.80280857938640382 0.46351373084637704 0.76289095898548109 -0.45072431265140916 0.87093048051487088 -0.29855337757532979 0.3903152301006183</Rotation>
<Translation>-0.15860909695947653 0.12980769763251171 0.47405884026709572</Translation>
</Transform>
<Instance name="embout_sup-1" uid="embout_sup-1" entityUid="embout_sup*:*Défaut">
<Transform>
<Rotation>-1 0 1.3877787807814457e-16 1.6653345369377348e-16 -0.54672382648725804 0.83731299855617325 0 0.83731299855617336 0.54672382648725792</Rotation>
<Translation>-0.12140044094211083 0 0</Translation>
</Transform>
</Instance>
<Instance name="tige-1" uid="tige-1" entityUid="tige*:*Défaut">
<Transform>
<Rotation>1 0 0 0 0.69303475340470977 0.72090417572190069 0 -0.72090417572190069 0.69303475340470977</Rotation>
<Translation>-0.28140044094211086 0 0</Translation>
</Transform>
</Instance>
<Instance name="ecrou-1" uid="ecrou-1" entityUid="ecrou*:*Défaut">
<Transform>
<Rotation>1 0 0 0 1 0 0 0 1</Rotation>
<Translation>-0.28640044094211092 0 0</Translation>
</Transform>
</Instance>
<Instance name="sphere-1" uid="sphere-1" entityUid="sphere*:*Défaut">
<Transform>
<Rotation>1 0 0 0 1 0 0 0 1</Rotation>
<Translation>-0.10940044094211082 0 0</Translation>
</Transform>
</Instance>
</Instance>
</InstanceTree>
<Constraints>
<Concentric name="Concentrique2">
<ConstraintGeometry geomType="cylinder">
<InstancePath>
<Uid>corps_verin-1</Uid>
<Uid>tube_sup-1</Uid>
</InstancePath>
<Position>0 0 0</Position>
<Axis>-1 0 0</Axis>
</ConstraintGeometry>
<ConstraintGeometry geomType="cylinder">
<InstancePath>
<Uid>tige_verin-1</Uid>
<Uid>tige-1</Uid>
</InstancePath>
<Position>0 0 0</Position>
<Axis>-1.0000000000000002 0 0</Axis>
</ConstraintGeometry>
</Concentric>
<Coincident name="Coïncidente1">
<ConstraintGeometry geomType="point">
<InstancePath>
<Uid>embase_pltf-1</Uid>
<Uid>embase-1</Uid>
</InstancePath>
<Position>-0.021777181335342691 0.27078500270056699 -0.010421088649404936</Position>
</ConstraintGeometry>
<ConstraintGeometry geomType="point">
<InstancePath>
<Uid>corps_verin-1</Uid>
<Uid>sphere-1</Uid>
</InstancePath>
<Position>0 0 0</Position>
</ConstraintGeometry>
</Coincident>
<Concentric name="Concentrique3">
<ConstraintGeometry geomType="cylinder">
<InstancePath>
<Uid>corps_verin-2</Uid>
<Uid>tube_sup-1</Uid>
</InstancePath>
<Position>0 0 0</Position>
<Axis>-1 0 0</Axis>
</ConstraintGeometry>
<ConstraintGeometry geomType="cylinder">
<InstancePath>
<Uid>tige_verin-2</Uid>
<Uid>tige-1</Uid>
</InstancePath>
<Position>0 0 0</Position>
<Axis>-1 0 0</Axis>
</ConstraintGeometry>
</Concentric>
<Coincident name="Coïncidente2">
<ConstraintGeometry geomType="point">
<InstancePath>
<Uid>embase_pltf-1</Uid>
<Uid>ext_sph-2</Uid>
</InstancePath>
<Position>0 0 0</Position>
</ConstraintGeometry>
<ConstraintGeometry geomType="point">
<InstancePath>
<Uid>corps_verin-2</Uid>
<Uid>sphere-1</Uid>
</InstancePath>
<Position>0 0 0</Position>
</ConstraintGeometry>
</Coincident>
<Coincident name="Coïncidente3">
<ConstraintGeometry geomType="point">
<InstancePath>
<Uid>embase_pltf-1</Uid>
<Uid>ext_sph-3</Uid>
</InstancePath>
<Position>0 0 0</Position>
</ConstraintGeometry>
<ConstraintGeometry geomType="point">
<InstancePath>
<Uid>corps_verin-3</Uid>
<Uid>sphere-1</Uid>
</InstancePath>
<Position>0 0 0</Position>
</ConstraintGeometry>
</Coincident>
<Concentric name="Concentrique5">
<ConstraintGeometry geomType="cylinder">
<InstancePath>
<Uid>corps_verin-3</Uid>
<Uid>tube_sup-1</Uid>
</InstancePath>
<Position>0 0 0</Position>
<Axis>-1 0 0</Axis>
</ConstraintGeometry>
<ConstraintGeometry geomType="cylinder">
<InstancePath>
<Uid>tige_verin-4</Uid>
<Uid>tige-1</Uid>
</InstancePath>
<Position>0 0 0</Position>
<Axis>-1 0 0</Axis>
</ConstraintGeometry>
</Concentric>
<Concentric name="Concentrique7">
<ConstraintGeometry geomType="cylinder">
<InstancePath>
<Uid>corps_verin-4</Uid>
<Uid>tube_sup-1</Uid>
</InstancePath>
<Position>0 0 0</Position>
<Axis>-1 -1.1102230246251565e-16 0</Axis>
</ConstraintGeometry>
<ConstraintGeometry geomType="cylinder">
<InstancePath>
<Uid>tige_verin-5</Uid>
<Uid>tige-1</Uid>
</InstancePath>
<Position>0 0 0</Position>
<Axis>-1 0 -2.7755575615628914e-16</Axis>
</ConstraintGeometry>
</Concentric>
<Coincident name="Coïncidente4">
<ConstraintGeometry geomType="point">
<InstancePath>
<Uid>embase_pltf-1</Uid>
<Uid>ext_sph-4</Uid>
</InstancePath>
<Position>0 0 0</Position>
</ConstraintGeometry>
<ConstraintGeometry geomType="point">
<InstancePath>
<Uid>corps_verin-4</Uid>
<Uid>sphere-1</Uid>
</InstancePath>
<Position>0 0 0</Position>
</ConstraintGeometry>
</Coincident>
<Concentric name="Concentrique8">
<ConstraintGeometry geomType="cylinder">
<InstancePath>
<Uid>corps_verin-5</Uid>
<Uid>tube_sup-1</Uid>
</InstancePath>
<Position>0 0 0</Position>
<Axis>-1 0 0</Axis>
</ConstraintGeometry>
<ConstraintGeometry geomType="cylinder">
<InstancePath>
<Uid>tige_verin-6</Uid>
<Uid>tige-1</Uid>
</InstancePath>
<Position>0 0 0</Position>
<Axis>-1 0 0</Axis>
</ConstraintGeometry>
</Concentric>
<Coincident name="Coïncidente5">
<ConstraintGeometry geomType="point">
<InstancePath>
<Uid>embase_pltf-1</Uid>
<Uid>ext_sph-5</Uid>
</InstancePath>
<Position>0 0 0</Position>
</ConstraintGeometry>
<ConstraintGeometry geomType="point">
<InstancePath>
<Uid>corps_verin-5</Uid>
<Uid>sphere-1</Uid>
</InstancePath>
<Position>0 0 0</Position>
</ConstraintGeometry>
</Coincident>
<Concentric name="Concentrique9">
<ConstraintGeometry geomType="cylinder">
<InstancePath>
<Uid>corps_verin-6</Uid>
<Uid>tube_sup-1</Uid>
</InstancePath>
<Position>0 0 0</Position>
<Axis>-1.0000000000000002 1.6653345369377348e-16 0</Axis>
</ConstraintGeometry>
<ConstraintGeometry geomType="cylinder">
<InstancePath>
<Uid>tige_verin-7</Uid>
<Uid>tige-1</Uid>
</InstancePath>
<Position>0 0 0</Position>
<Axis>-1.0000000000000002 0 0</Axis>
</ConstraintGeometry>
</Concentric>
<Coincident name="Coïncidente7">
<ConstraintGeometry geomType="point">
<InstancePath>
<Uid>embase_pltf-1</Uid>
<Uid>ext_sph-6</Uid>
</InstancePath>
<Position>0 0 0</Position>
</ConstraintGeometry>
<ConstraintGeometry geomType="point">
<InstancePath>
<Uid>corps_verin-6</Uid>
<Uid>sphere-1</Uid>
</InstancePath>
<Position>0 0 0</Position>
</ConstraintGeometry>
</Coincident>
<Coincident name="Coïncidente8">
<ConstraintGeometry geomType="point">
<InstancePath>
<Uid>tige_verin-6</Uid>
<Uid>sphere-1</Uid>
</InstancePath>
<Position>0 0 0</Position>
</ConstraintGeometry>
<ConstraintGeometry geomType="point">
<InstancePath>
<Uid>table_pltf-1</Uid>
<Uid>table3-1</Uid>
</InstancePath>
<Position>0.15887495373796662 -0.11482050807568732 0.021547005383792617</Position>
</ConstraintGeometry>
</Coincident>
<Coincident name="Coïncidente9">
<ConstraintGeometry geomType="point">
<InstancePath>
<Uid>tige_verin-5</Uid>
<Uid>sphere-1</Uid>
</InstancePath>
<Position>0 0 0</Position>
</ConstraintGeometry>
<ConstraintGeometry geomType="point">
<InstancePath>
<Uid>table_pltf-1</Uid>
<Uid>table3-1</Uid>
</InstancePath>
<Position>0.1788749537379663 -0.080179491924309551 0.021547005383792506</Position>
</ConstraintGeometry>
</Coincident>
<Coincident name="Coïncidente12">
<ConstraintGeometry geomType="point">
<InstancePath>
<Uid>tige_verin-7</Uid>
<Uid>sphere-1</Uid>
</InstancePath>
<Position>0 0 0</Position>
</ConstraintGeometry>
<ConstraintGeometry geomType="point">
<InstancePath>
<Uid>table_pltf-1</Uid>
<Uid>table3-1</Uid>
</InstancePath>
<Position>-0.15887495373796504 -0.11482050807568954 0.021547005383792561</Position>
</ConstraintGeometry>
</Coincident>
<Coincident name="Coïncidente13">
<ConstraintGeometry geomType="point">
<InstancePath>
<Uid>tige_verin-1</Uid>
<Uid>sphere-1</Uid>
</InstancePath>
<Position>0 0 0</Position>
</ConstraintGeometry>
<ConstraintGeometry geomType="point">
<InstancePath>
<Uid>table_pltf-1</Uid>
<Uid>table3-1</Uid>
</InstancePath>
<Position>-0.17887495373796522 -0.080179491924312077 0.021547005383792561</Position>
</ConstraintGeometry>
</Coincident>
<Coincident name="Coïncidente14">
<ConstraintGeometry geomType="point">
<InstancePath>
<Uid>tige_verin-4</Uid>
<Uid>sphere-1</Uid>
</InstancePath>
<Position>0 0 0</Position>
</ConstraintGeometry>
<ConstraintGeometry geomType="point">
<InstancePath>
<Uid>table_pltf-1</Uid>
<Uid>table3-1</Uid>
</InstancePath>
<Position>0.020000000000000018 0.19500000000000001 0.021547005383792561</Position>
</ConstraintGeometry>
</Coincident>
<Coincident name="Coïncidente15">
<ConstraintGeometry geomType="point">
<InstancePath>
<Uid>tige_verin-2</Uid>
<Uid>sphere-1</Uid>
</InstancePath>
<Position>0 0 0</Position>
</ConstraintGeometry>
<ConstraintGeometry geomType="point">
<InstancePath>
<Uid>table_pltf-1</Uid>
<Uid>table3-1</Uid>
</InstancePath>
<Position>-0.020000000000000004 0.19500000000000003 0.021547005383792561</Position>
</ConstraintGeometry>
</Coincident>
<Coincident name="Coïncidente19">
<ConstraintGeometry geomType="plane">
<InstancePath>
<Uid>embase_pltf-1</Uid>
</InstancePath>
<Position>0 0 0</Position>
<Axis>0 0 1</Axis>
</ConstraintGeometry>
<ConstraintGeometry geomType="plane">
<InstancePath>
<Uid>Plateforme_Stewart</Uid>
</InstancePath>
<Position>0 0 0</Position>
<Axis>0 0 1</Axis>
</ConstraintGeometry>
</Coincident>
<Coincident name="Coïncidente20">
<ConstraintGeometry geomType="plane">
<InstancePath>
<Uid>embase_pltf-1</Uid>
</InstancePath>
<Position>0 0 0</Position>
<Axis>0 1 0</Axis>
</ConstraintGeometry>
<ConstraintGeometry geomType="plane">
<InstancePath>
<Uid>Plateforme_Stewart</Uid>
</InstancePath>
<Position>0 0 0</Position>
<Axis>0 1 0</Axis>
</ConstraintGeometry>
</Coincident>
<Coincident name="Coïncidente21">
<ConstraintGeometry geomType="plane">
<InstancePath>
<Uid>embase_pltf-1</Uid>
</InstancePath>
<Position>0 0 0</Position>
<Axis>1 0 0</Axis>
</ConstraintGeometry>
<ConstraintGeometry geomType="plane">
<InstancePath>
<Uid>Plateforme_Stewart</Uid>
</InstancePath>
<Position>0 0 0</Position>
<Axis>1 0 0</Axis>
</ConstraintGeometry>
</Coincident>
</Constraints>
</RootAssembly>
<Assemblies>
<Assembly name="corps_verin" uid="corps_verin" version="173">
<ModelUnits mass="kilogram" length="millimeter"/>
<AssemblyFile name="corps_verin.SLDASM" type="SolidWorks Assembly"/>
</Assembly>
<Assembly name="tige_verin" uid="tige_verin" version="178">
<ModelUnits mass="kilogram" length="millimeter"/>
<AssemblyFile name="tige_verin.SLDASM" type="SolidWorks Assembly"/>
</Assembly>
<Assembly name="table_pltf" uid="table_pltf" version="137">
<ModelUnits mass="kilogram" length="millimeter"/>
<AssemblyFile name="table_pltf.SLDASM" type="SolidWorks Assembly"/>
</Assembly>
<Assembly name="embase_pltf" uid="embase_pltf" version="167">
<ModelUnits mass="kilogram" length="millimeter"/>
<AssemblyFile name="embase_pltf.SLDASM" type="SolidWorks Assembly"/>
</Assembly>
</Assemblies>
<Parts>
<Part name="boitier" uid="boitier*:*Défaut" version="317">
<ModelUnits mass="kilogram" length="millimeter"/>
<PartFile name="boitier.SLDPRT" type="SolidWorks Part"/>
<MassProperties>
<Mass>0.024340536132452913</Mass>
<CenterOfMass>-0.0017599116330488864 -0.0010473499537933795 -0.0024933113948030139</CenterOfMass>
<Inertia>4.7211620239784626e-06 6.4541790251080759e-06 5.1237546606243491e-06 1.0458322744740225e-07 1.1818951483233465e-07 4.4872585268648898e-08</Inertia>
</MassProperties>
<GeometryFile name="boitier_Défaut_sldprt.STEP" type="STEP"/>
<VisualProperties>
<Ambient r="0.50196078431372548" g="0.50196078431372548" b="0.50196078431372548" a="1"/>
<Diffuse r="0.50196078431372548" g="0.50196078431372548" b="0.50196078431372548" a="1"/>
<Specular r="0.50196078431372548" g="0.50196078431372548" b="0.50196078431372548" a="1"/>
<Emissive r="0" g="0" b="0" a="1"/>
<Shininess>0.3125</Shininess>
</VisualProperties>
</Part>
<Part name="couvercle" uid="couvercle*:*Défaut" version="140">
<ModelUnits mass="kilogram" length="millimeter"/>
<PartFile name="couvercle.SLDPRT" type="SolidWorks Part"/>
<MassProperties>
<Mass>0.0090852386604100138</Mass>
